   12004.0000000000       0.000000000000000E+000
   12005.0000000000        14700.0000000000     
   12006.0000000000       0.000000000000000E+000
   12007.0000000000       0.000000000000000E+000
   12008.0000000000       0.000000000000000E+000
   12009.0000000000       0.000000000000000E+000
   12010.0000000000       0.000000000000000E+000
   12011.0000000000       0.000000000000000E+000
   12012.0000000000       0.000000000000000E+000
   12013.0000000000       0.000000000000000E+000
   12014.0000000000       0.000000000000000E+000
   12015.0000000000       0.000000000000000E+000
   12016.0000000000       0.000000000000000E+000
   12017.0000000000       0.000000000000000E+000
   12018.0000000000       0.000000000000000E+000
   12019.0000000000       0.000000000000000E+000
   12020.0000000000       0.000000000000000E+000
   12021.0000000000       0.000000000000000E+000
   12022.0000000000       0.000000000000000E+000
   12023.0000000000       0.000000000000000E+000
   12024.0000000000       0.000000000000000E+000
   12025.0000000000       0.000000000000000E+000
   12028.0000000000       0.000000000000000E+000
   12029.0000000000       0.000000000000000E+000
   12030.0000000000       0.000000000000000E+000
   12031.0000000000       0.000000000000000E+000
   12032.0000000000       0.000000000000000E+000
   12033.0000000000       0.000000000000000E+000
   12034.0000000000       0.000000000000000E+000
   12035.0000000000       0.000000000000000E+000
   12036.0000000000       0.000000000000000E+000
   12037.0000000000       0.000000000000000E+000
   12038.0000000000       0.000000000000000E+000
   12039.0000000000       0.000000000000000E+000
   12040.0000000000       0.000000000000000E+000
   12041.0000000000       0.000000000000000E+000
   12042.0000000000       0.000000000000000E+000
   12044.0000000000       0.000000000000000E+000
   12045.0000000000       0.000000000000000E+000
   12046.0000000000       0.000000000000000E+000
   12047.0000000000       0.000000000000000E+000
   12048.0000000000        6814.08000000000     
   12052.0000000000       0.000000000000000E+000
   12053.0000000000       0.000000000000000E+000
   12054.0000000000       0.000000000000000E+000
   12059.0000000000       0.000000000000000E+000
   12060.0000000000       0.000000000000000E+000
   12073.0000000000       0.000000000000000E+000
   12074.0000000000       0.000000000000000E+000
   12082.0000000000       0.000000000000000E+000
   12088.0000000000       0.000000000000000E+000
