Code	DM	TDN	DE	ME	NEm	NEg	Sugar	Starch	Fat	NDF	Carb	protein	RDP	RUP	Ash     Animal feed
	% AF	% of DM	---------Mcal/kg-----------	------------------% of DM---------------------- % CP	% CP    % DM

1	91.04	56.00	2.47	2.02	1.18	0.61	0.00	1.35	2.13	45.46	67.81	18.08	68.82	31.01	11.98	Alfalfa_Cubes
2	93.83	62.40	0.00	2.25	1.39	0.81	0.00	0.93	3.99	40.37	67.23	18.49	40.00	60.00	10.29	Alfalfa_Dehydrated
3	30.73	63.00	0.00	2.28	1.41	0.83	0.00	0.00	1.47	37.86	69.22	23.08	78.00	22.00	6.23	Alfalfa_Fresh
4	40.50	59.00	0.00	2.13	1.28	0.71	7.10	2.10	2.47	34.39	63.30	23.14	78.00	22.00	11.09	Alfalfa_Greenchop
5	87.03	55.20	0.00	1.99	1.15	0.59	8.67	2.97	1.55	41.73	66.77	19.81	72.00	28.00	11.87	Alfalfa_Hay
6	41.04	63.00	0.00	2.28	1.41	0.83	1.93	1.88	2.01	42.49	65.79	20.11	77.00	23.00	12.09	Alfalfa_Haylage
7	89.21	59.10	2.61	2.14	1.28	0.71	15.05	2.50	2.80	38.96	83.44	5.47	53.12	46.89	8.29	Almond_Hulls
8	18.49	70.90	3.13	2.56	1.66	1.05	0.00	3.98	6.10	45.56	84.39	6.37	43.07	56.76	3.14	Apple_Pomace
9	88.86	91.90	4.05	3.32	2.29	1.59	6.32	37.61	10.04	13.87	72.74	13.14	66.36	33.42	4.08	Bakery_Products
10	89.69	84.10	3.71	3.04	2.06	1.40	10.65	56.74	2.20	18.29	82.25	12.78	49.14	50.77	2.77	Barley_Grain
11	81.12	84.00	0.00	3.04	2.06	1.40	0.00	59.27	2.05	26.30	82.55	12.53	61.00	39.00	2.87	Barley_Grain_Steam flaked
12	87.99	60.20	2.65	2.17	1.31	0.74	0.00	5.66	2.41	56.88	78.28	10.95	67.10	32.77	8.36	Barley_Hay
13	33.63	60.60	2.67	2.19	1.33	0.75	0.00	9.17	3.47	54.77	75.83	12.05	79.13	20.79	8.65	Barley_silage
14	85.07	48.30	0.00	1.75	0.91	0.36	0.00	0.00	1.00	71.63	80.84	6.08	75.00	25.00	12.08	Barley_Straw
15	91.49	66.60	2.94	2.41	1.52	0.93	8.55	0.93	1.14	41.33	82.95	9.07	46.71	53.15	6.84	Beet_Pulp_Dry
16	21.95	66.60	2.94	2.41	1.52	0.93	23.21	1.65	0.86	48.23	81.00	9.55	44.11	55.66	8.59	Beet_Pulp_Wet
17	34.94	57.30	2.53	2.07	1.22	0.65	0.00	1.79	3.37	66.60	72.84	15.16	67.49	32.40	8.63	Bermudagrass_Fresh
18	92.99	56.30	2.48	2.04	1.19	0.62	5.80	4.78	2.25	66.98	78.70	14.00	58.33	41.58	7.94	Bermudagrass_Hay
19	39.00	55.40	2.44	2.00	1.15	0.59	0.00	2.60	3.15	66.59	74.69	13.48	70.31	29.67	8.68	Bermudagrass_Silage
20	89.56	74.60	3.29	2.70	1.78	1.15	0.00	0.62	1.21	4.53	0.94	95.05	25.23	74.64	2.80	Blood_Meal
21	89.32	51.00	0.00	1.84	1.00	0.45	0.00	0.00	1.40	68.83	81.77	7.50	80.00	20.00	9.33	Bluegrass_Hay
22	51.23	53.00	0.00	1.92	1.07	0.52	0.00	0.00	5.00	0.00	88.08	6.52	80.10	19.90	0.40	Bluestem_Fresh
23	89.19	50.00	0.00	1.81	0.97	0.42	0.00	0.00	1.35	69.71	82.93	6.02	75.00	25.00	9.70	Bluestem_Hay
24	93.16	72.00	3.17	2.60	1.70	1.08	0.00	5.77	8.52	52.12	61.89	25.02	40.31	59.14	4.57	Brewers_Dried_Grains
25	25.96	73.90	3.26	2.67	1.75	1.13	0.50	4.81	9.51	49.99	57.59	28.52	36.15	63.77	4.38	Brewers_Wet_Grains
26	88.27	52.00	0.00	1.88	1.04	0.49	9.85	2.64	1.64	65.92	81.18	8.34	80.00	20.00	8.84	Bromegrass_Hay
27	42.05	55.00	0.00	1.99	1.14	0.58	0.00	0.00	0.00	71.05	82.97	9.03	53.71	46.30	8.00	Bromegrass_Silage
28	48.90	54.00	0.00	1.95	1.11	0.55	0.00	5.49	0.00	0.00	87.40	7.60	65.40	34.60	6.10	Buffalo_Grass
29	28.04	63.00	0.00	2.28	1.41	0.83	0.00	0.00	0.00	60.00	84.21	11.29	67.10	32.77	4.50	Cane_Fresh
30	82.79	63.00	0.00	2.28	1.41	0.83	18.06	71.40	1.34	63.33	79.50	8.02	67.10	32.77	11.14	Cane_Hay
31	29.33	65.00	0.00	2.35	1.47	0.88	0.00	11.40	2.40	52.99	88.15	7.70	44.11	55.66	1.75	Cane_Silage
32	94.72	109.20	4.81	3.95	2.78	1.99	0.00	1.40	2.70	28.25	69.07	23.90	62.86	36.99	4.33	Canola_Grain
33	90.43	71.10	3.13	2.57	1.67	1.06	8.75	1.29	7.32	30.16	44.41	40.86	57.46	42.25	7.41	Canola_Meal
34	87.69	70.00	3.09	2.53	1.63	1.03	0.00	1.00	2.44	24.02	83.23	6.91	59.49	40.31	7.42	Citrus_Pulp_Dry
35	19.41	70.20	3.10	2.54	1.64	1.03	0.90	1.70	3.17	26.29	81.47	8.58	61.64	38.06	6.78	Citrus_Pulp_Wet
36	89.26	58.30	2.57	2.11	1.25	0.68	0.00	1.38	0.92	78.26	92.34	4.18	69.53	30.13	2.56	Corn-Cobs
37	83.28	84.60	3.73	3.06	2.08	1.41	0.00	60.68	3.60	19.41	86.43	8.28	36.27	63.59	1.69	Corn_Ear_Corn
38	62.54	84.30	3.72	3.05	2.07	1.41	1.29	60.16	3.54	21.04	86.51	8.09	51.28	48.63	1.86	Corn_Earlage
39	90.59	78.60	3.46	2.84	1.90	1.26	0.00	19.67	11.50	39.41	62.05	22.14	52.21	47.80	4.31	Corn_Germ_Meal
40	50.44	89.00	0.00	3.22	2.21	1.52	0.00	11.50	8.70	29.28	62.35	24.55	32.00	67.93	4.40	CGFDGS
41	43.76	86.00	3.79	3.11	2.12	1.45	3.40	15.23	4.29	38.53	67.61	21.70	65.70	34.11	6.40	Corn_Gluten_Feed_Wet
42	60.07	89.00	3.92	3.22	2.21	1.52	0.00	0.00	4.65	26.75	63.59	23.76	32.00	67.93	8.00	CGFWSB
43	88.92	80.00	3.53	2.89	1.94	1.30	2.68	16.92	4.18	35.05	64.98	25.28	63.69	37.10	8.20	Corn_Gluten_Feed_Dry
44	90.40	87.80	3.87	3.17	2.17	1.49	0.23	15.42	2.40	8.07	26.48	68.21	29.99	69.72	2.91	Corn_Gluten_Meal
45	87.22	87.60	3.86	3.17	2.17	1.49	1.81	72.07	3.81	9.72	85.96	8.79	34.60	65.31	1.44	Corn_Grain_Dry_Rolled
46	70.54	90.40	3.98	3.27	2.25	1.56	2.16	71.30	3.93	9.86	85.79	8.75	44.62	55.30	1.53	Corn_Grain_High_Moisture
47	80.70	95.00	4.19	3.43	2.38	1.67	0.00	76.24	3.19	8.97	87.07	8.48	29.50	70.36	1.26	Corn_Grain_Steamed_Flaked
48	34.29	67.30	2.97	2.43	1.55	0.95	0.00	33.44	2.87	42.07	85.27	7.82	59.27	40.68	4.04	Corn_Greenchop
49	86.15	72.80	0.00	2.63	1.72	1.10	2.80	67.74	3.32	14.76	85.97	8.84	48.00	52.00	1.87	Corn_Screenings
50	33.07	67.70	2.98	2.45	1.56	0.96	4.26	32.58	3.25	42.98	84.27	8.24	74.52	25.38	4.24	Corn_Silage
51	58.94	82.00	3.61	2.96	2.00	1.35	0.00	57.02	3.46	23.28	86.47	8.08	55.18	44.67	1.99	Corn_Snaplage
52	40.74	53.60	2.36	1.94	1.09	0.54	0.00	5.98	1.99	63.78	79.05	6.81	70.90	29.01	12.15	Corn_Stalklage
53	85.81	52.70	2.32	1.90	1.06	0.51	3.10	10.80	1.44	70.83	81.39	6.07	63.40	36.30	11.10	Cornstalks
54	46.41	98.00	0.00	3.54	2.47	1.74	15.03	11.40	4.51	3.55	52.42	31.78	0.00	0.00	11.29	Corn_Steep
55	90.55	45.20	0.00	1.63	0.80	0.26	2.70	6.03	2.48	60.90	73.52	8.66	35.57	63.93	15.34	Cotton_Burrs
56	90.87	48.50	2.14	1.75	0.91	0.37	0.00	1.06	3.64	60.57	72.02	12.29	35.57	63.93	12.05	Cotton_Gin_Trash
57	91.43	42.00	1.85	1.52	0.68	0.15	0.00	1.13	2.71	81.07	86.99	6.68	29.88	70.12	3.62	Cottonseed_Hulls
58	88.59	69.60	3.07	2.52	1.62	1.02	0.00	1.70	3.93	33.60	43.56	44.98	57.19	42.70	7.53	Cottonseed_Meal
59	92.63	93.00	0.00	3.36	2.33	1.62	0.00	2.20	19.45	47.82	53.56	22.87	73.00	27.00	4.12	Cottonseed_Whole
60	89.99	89.00	3.92	3.22	2.21	1.52	1.16	5.88	10.73	33.66	53.16	30.79	32.00	67.93	5.32	DGSDC
61	47.83	93.00	4.10	3.36	2.33	1.62	0.00	3.36	10.22	28.73	54.05	29.08	32.00	67.93	6.65	DGSMC
62	31.44	98.00	4.32	3.54	2.47	1.74	0.90	6.06	10.84	31.52	53.40	30.63	29.92	69.93	5.13	DGSWC
63	30.89	98.00	4.32	3.54	2.47	1.74	4.02	10.68	16.85	4.71	55.10	18.94	53.00	47.00	9.11	Distillers_Solubles_Corn
64	92.00	79.10	3.49	2.86	1.92	1.27	17.70	0.74	9.67	25.80	0.58	87.00	29.16	70.84	2.75	Feather_Meal
65	88.93	58.30	0.00	2.11	1.25	0.68	0.00	0.00	2.10	64.99	80.33	9.22	74.00	26.00	8.35	Fescue_Hay
66	88.17	75.80	0.00	2.74	1.81	1.19	0.00	43.90	0.95	13.10	69.88	25.17	88.20	11.80	4.00	Field_Peas_High_CP
67	89.86	59.00	0.00	2.13	1.28	0.71	0.00	46.28	1.90	0.00	79.44	14.66	77.70	22.30	4.00	Field_Peas_Low_CP
68	92.30	81.90	3.61	2.96	2.00	1.35	0.00	5.82	11.89	13.60	1.85	66.24	54.96	45.04	20.02	Fish_Meal
69	91.63	81.60	3.60	2.95	1.99	1.34	0.00	1.98	27.67	31.84	38.53	28.68	65.08	34.77	5.12	Flaxseed
70	28.86	57.40	2.53	2.08	1.22	0.66	1.44	9.79	2.90	57.71	79.18	9.03	69.68	30.18	8.89	Forage_Sorghum_Silage
71	31.82	57.10	2.52	2.06	1.21	0.65	0.00	2.08	2.98	59.85	73.87	12.77	70.56	29.28	10.38	Forage_Sorghum_Sudan
72	88.77	56.80	2.50	2.05	1.20	0.64	12.60	2.86	2.02	62.70	78.12	11.03	64.77	35.19	8.83	Forage_Sorghum_Sudan Hay
73	31.28	56.10	2.47	2.03	1.18	0.62	5.77	2.90	3.28	61.13	74.26	12.27	69.45	30.44	10.19	Forage_Sorghum_Sudan_Sil
74	30.55	60.10	2.65	2.17	1.31	0.74	0.00	11.98	2.21	56.04	81.10	8.90	65.57	34.38	7.79	Forage_Sorghum_Fresh
75	88.66	58.80	2.59	2.13	1.27	0.70	0.00	9.52	2.09	58.52	81.27	9.05	61.95	38.02	7.59	Forage_Sorghum_Hay
76	76.01	47.60	0.00	1.72	0.88	0.34	0.00	0.00	0.00	60.30	85.19	9.81	35.57	63.93	5.00	Foxtail_Millet
77	33.35	60.30	2.66	2.18	1.32	0.75	0.00	5.89	3.54	45.34	68.31	19.59	67.07	32.79	8.56	Fresh_Soybean_Forage
78	80.25	69.00	0.00	2.49	1.60	1.00	1.40	0.35	6.24	0.30	86.23	0.84	0.00	0.00	6.69	Glycerin
79	88.70	86.00	3.79	3.11	2.12	1.45	0.10	71.16	3.50	7.20	82.77	11.64	28.61	71.11	2.09	Grain_Sorghum_Grain
80	84.79	54.50	0.00	1.97	1.12	0.56	0.00	7.33	1.59	56.44	78.49	8.95	62.64	37.15	10.97	Grain_Sorghum_Hay
81	36.47	59.00	0.00	2.13	1.28	0.71	0.19	4.63	2.40	49.17	78.32	9.20	75.00	25.00	10.08	Grain_Sorghum_Silage
82	82.63	39.50	0.00	1.43	0.58	0.06	0.00	0.00	1.52	64.82	71.28	7.67	47.01	52.50	19.53	Grain_Sorghum_Stalks
83	81.02	93.00	0.00	3.36	2.33	1.62	0.00	75.18	2.62	9.70	85.93	10.09	38.00	62.00	1.36	Grain_Sorghum_Steam_Flaked
84	69.91	86.00	0.00	3.11	2.12	1.45	0.00	72.89	3.45	9.28	83.44	10.41	28.61	71.11	2.70	Grain_Sorghum_High_Moist
85	91.81	47.00	2.07	1.70	0.86	0.32	0.00	0.97	8.87	51.78	69.21	12.27	25.00	74.87	9.65	Grape_Pomace_Dry
86	41.88	56.00	2.47	2.02	1.17	0.61	0.00	0.99	8.95	50.06	64.25	11.69	24.47	75.41	15.11	Grape_Pomace_Wet
87	88.74	87.20	3.85	3.15	2.16	1.48	1.10	56.77	7.15	16.79	79.94	10.27	33.40	66.54	2.64	Hominy
88	50.05	58.00	54.00	1.95	1.11	0.55	0.00	0.00	0.00	62.28	87.17	7.83	75.00	25.00	5.00	Johnsongrass
89	75.00	50.90	0.00	1.84	1.00	0.45	0.00	0.00	1.10	45.98	73.59	13.49	25.00	74.87	11.82	Kochia
90	37.10	58.00	0.00	2.10	1.24	0.68	0.00	0.00	1.20	45.70	68.49	15.41	70.07	29.85	14.90	Kochia_Silage
91	90.47	73.60	3.24	2.66	1.74	1.12	0.00	2.54	11.96	32.10	44.93	36.93	68.06	31.94	6.18	Linseed_Meal
92	88.76	52.90	0.00	1.91	1.07	0.51	13.95	0.00	1.84	60.85	79.43	8.79	77.00	23.00	9.94	Meadow_Hay
93	36.19	52.50	0.00	1.90	1.05	0.50	0.00	0.00	0.00	65.28	82.84	12.16	70.15	29.71	5.00	Millet_Forage_Fresh
94	86.27	52.50	2.32	1.90	1.06	0.50	51.60	2.91	1.72	62.48	77.37	9.53	60.21	39.63	11.38	Millet_Forage_Hay
95	86.70	76.20	3.36	2.75	1.83	1.20	0.00	49.24	3.46	21.61	79.93	11.27	28.59	71.42	5.34	Millet_Grain
96	34.86	53.00	2.34	1.92	1.07	0.52	0.00	3.60	2.33	61.94	73.60	12.28	68.00	31.89	11.79	Millet_Silage
97	0.00	75.00	0.00	2.71	1.79	1.16	70.62	0.00	0.00	0.00	61.94	10.86	80.00	20.00	27.20	Molasses_Beet
98	66.04	72.00	0.00	2.60	1.70	1.08	60.04	11.98	1.86	0.00	77.35	8.59	80.00	20.00	12.20	Molasses_Cane
99	88.01	48.40	0.00	1.75	0.91	0.37	0.00	0.00	1.80	66.58	81.18	6.76	75.00	25.00	10.26	Native_Priarie_Hay
100	29.58	61.10	2.70	2.21	1.35	0.77	0.00	2.67	3.66	52.71	70.15	16.46	73.35	26.40	9.73	Oat_Forage
101	89.86	83.00	3.66	3.00	2.03	1.37	0.00	44.09	6.16	26.65	78.23	12.55	43.54	56.47	3.06	Oat_Grain
102	89.61	59.90	2.64	2.17	1.31	0.73	0.00	3.97	2.22	59.13	81.98	8.73	65.92	33.91	7.07	Oat_Hay
103	91.60	56.50	2.49	2.04	1.19	0.63	0.00	15.83	2.80	64.44	85.86	6.10	53.62	46.38	5.24	Oat_Hulls
104	84.19	44.30	0.00	1.60	0.76	0.23	0.00	1.35	1.33	73.75	86.92	4.83	70.00	30.00	6.92	Oat_Straw
105	33.84	58.00	2.56	2.10	1.24	0.67	0.00	3.11	3.67	58.88	73.83	12.70	77.47	22.38	9.80	Oatlage
106	23.17	68.90	0.00	2.49	1.60	1.00	0.00	54.53	13.63	10.54	70.07	10.14	0.00	0.00	6.16	Onions
107	91.47	56.20	0.00	2.03	1.18	0.62	0.00	0.00	2.30	57.35	73.39	13.77	76.00	24.00	10.54	Orchardgrass_Hay
108	88.25	71.00	0.00	2.57	1.66	1.05	0.00	40.00	1.33	54.93	74.37	20.10	40.31	59.14	4.20	Pea_Hulls
109	90.78	57.50	2.54	2.08	1.23	0.66	0.00	4.00	2.04	47.40	76.01	11.04	66.13	33.51	10.91	Peanut_Hay
110	93.41	42.80	1.89	1.55	0.71	0.17	0.00	1.24	1.16	68.46	85.61	9.46	47.01	52.50	3.77	Peanut_Hulls
111	94.11	80.80	3.56	2.92	1.96	1.32	0.00	6.93	7.73	19.89	41.76	44.96	71.80	28.20	5.55	Peanut_Meal
112	38.03	56.30	2.48	2.04	1.19	0.62	0.00	2.25	3.74	53.59	72.94	13.69	65.57	34.43	9.63	Peanut_Silage
113	87.28	80.00	3.53	2.89	1.94	1.30	0.00	42.66	1.86	13.67	70.48	23.91	84.40	15.49	3.75	Peas
114	18.18	62.10	2.74	2.25	1.38	0.80	0.00	3.47	3.81	44.31	66.42	20.13	73.67	26.33	9.64	Peavine_Forage
115	90.47	58.60	2.58	2.12	1.26	0.69	0.00	6.50	2.04	45.87	72.88	15.60	70.07	29.85	9.48	Peavine_Hay
116	34.11	59.20	2.61	2.14	1.28	0.71	0.00	5.58	3.76	49.19	65.81	19.68	75.95	24.01	10.75	Peavine_Silage
117	87.81	72.70	0.00	2.63	1.72	1.10	0.00	65.50	3.50	0.00	78.11	11.39	0.00	0.00	7.00	Popcorn_Grain
118	90.90	79.20	3.49	2.86	1.92	1.28	0.00	44.34	3.87	18.38	82.29	8.13	51.47	48.38	5.71	Potato_Byproduct_Dry
119	23.38	79.10	3.49	2.86	1.91	1.27	0.00	44.27	7.95	21.66	72.28	12.08	46.48	53.32	7.69	Potato_Byproduct_Wet
120	43.37	78.00	0.00	2.83	1.88	1.24	0.00	0.00	0.55	16.00	79.10	13.80	77.10	22.53	6.55	Potato_Peels
121	23.54	76.70	3.38	2.77	1.84	1.21	0.00	60.87	7.52	11.19	76.07	10.11	37.60	62.40	6.30	Potatoes
122	91.76	83.40	3.68	3.01	2.04	1.38	0.00	20.17	17.64	26.62	55.47	14.72	55.30	44.70	12.17	Rice_Bran
123	88.81	82.70	3.65	2.99	2.02	1.37	0.00	77.19	1.84	8.17	86.60	8.37	40.31	59.58	3.19	Rice_Grain
124	92.68	54.70	2.41	1.98	1.13	0.57	0.00	8.95	1.80	62.31	76.27	7.39	61.57	38.26	14.54	Rice_Hay
125	91.95	31.50	0.00	1.14	0.28	0.00	0.00	0.00	4.31	53.84	74.59	5.39	65.00	35.00	15.71	Rice_Hulls
126	39.70	56.00	2.47	2.03	1.18	0.61	0.00	18.65	2.44	55.08	75.85	7.28	62.64	37.15	14.43	Rice_Silage
127	31.97	65.10	2.87	2.35	1.48	0.89	0.00	1.87	4.92	51.69	66.17	18.67	74.27	25.57	10.24	Rye_Annual_Fresh
128	90.38	63.70	2.81	2.30	1.43	0.85	0.00	2.26	3.35	51.50	68.40	18.65	66.52	33.30	9.60	Ryegrass_Hay
129	36.82	59.60	2.63	2.16	1.30	0.72	1.50	1.64	3.87	57.69	71.47	14.60	76.11	23.76	10.06	Ryegrass_Silage
130	89.90	80.80	3.56	2.92	1.97	1.32	0.00	58.25	1.44	15.39	85.47	11.32	77.10	22.53	1.77	Rye_Grain
131	93.50	55.80	2.46	2.02	1.17	0.61	0.00	1.15	12.34	51.48	59.70	23.12	76.29	23.71	4.84	Safflower_Meal
132	90.50	60.10	2.65	2.17	1.31	0.74	0.00	5.37	3.04	44.85	71.63	16.54	65.58	34.40	8.79	Soybean_Hay
133	90.04	62.60	2.76	2.26	1.40	0.82	2.15	1.10	2.28	64.81	80.30	12.37	46.84	53.10	5.05	Soybean_Hulls
134	89.24	79.50	3.51	2.88	1.93	1.28	13.30	2.02	1.88	11.33	37.91	52.85	70.42	29.45	7.36	Soybean_Meal_High_CP
135	91.68	81.10	3.58	2.93	1.98	1.33	11.55	5.05	12.66	18.78	34.38	48.59	55.88	44.08	6.43	Soybean_Meal_Low_CP
136	89.76	79.30	3.50	2.87	1.92	1.28	0.00	1.32	8.27	22.67	36.33	48.85	50.45	49.44	6.55	Soybean_Meal_Heated
137	37.35	57.80	2.55	2.09	1.24	0.67	0.00	4.21	4.29	47.53	68.82	17.08	68.42	31.48	9.81	Soybean_Silage
138	85.48	35.00	0.00	1.27	0.41	0.00	0.00	0.00	0.70	69.75	84.50	5.53	47.01	52.50	9.27	Soybean_Stubble
139	88.59	77.00	0.00	2.78	1.85	1.22	0.00	0.00	8.17	12.60	40.29	46.54	70.42	29.45	5.00	Soybeans_Expelled
140	92.51	91.90	4.05	3.32	2.29	1.60	0.00	1.29	13.14	16.58	36.31	44.40	57.78	42.17	6.15	Soybeans_Extruded
141	93.32	97.40	4.30	3.52	2.45	1.73	0.00	1.30	21.03	21.83	32.86	40.49	56.32	43.63	5.62	Soybeans_Roasted
142	92.85	91.00	4.01	3.29	2.27	1.57	0.00	1.03	20.61	17.98	33.93	39.97	70.99	29.01	5.49	Soybeans_Whole
143	30.89	54.80	2.42	1.98	1.13	0.58	0.00	2.08	2.95	61.02	73.27	12.92	67.03	32.80	10.86	Sudangrass_Fresh
144	89.01	54.50	2.40	1.97	1.12	0.57	0.00	1.60	1.60	65.83	80.74	8.33	57.90	41.99	9.33	Sudangrass_Hay
145	31.33	53.50	2.36	1.93	1.09	0.53	0.80	1.79	3.14	62.31	72.78	12.10	70.15	29.71	11.98	Sudangrass_Silage
146	39.80	45.00	1.99	1.63	0.79	0.25	0.00	0.87	1.14	75.58	88.52	3.93	53.71	46.30	6.41	Sugarcane_Baggase_Silage
147	92.72	53.70	2.37	1.94	1.10	0.54	0.00	1.50	1.84	68.92	82.46	5.49	70.46	29.54	10.21	Sugarcane_Hay
148	34.23	52.00	2.29	1.88	1.04	0.49	0.00	3.04	1.86	68.76	84.83	5.41	52.26	47.75	7.90	Sugarcane_Silage
149	91.26	54.60	0.00	1.97	1.13	0.57	0.00	0.00	16.32	72.26	61.57	16.90	35.00	65.00	5.21	Sunflower_Hulls
150	90.44	66.40	2.93	2.40	1.52	0.93	0.00	1.07	10.80	41.71	47.78	35.01	71.97	27.89	6.41	Sunflower_Meal
151	89.33	56.50	0.00	2.04	1.19	0.63	0.00	3.00	20.99	47.24	57.48	15.41	70.07	29.85	6.12	Sunflower_Screenings
152	50.43	63.30	2.79	2.29	1.42	0.84	0.00	2.78	8.67	47.24	68.16	11.27	66.13	33.51	11.90	Sunflower_Silage
153	94.05	71.70	3.16	2.59	1.69	1.07	0.00	0.83	33.75	37.38	42.41	20.08	77.88	22.13	3.76	Sunflowers
154	94.20	46.10	0.00	1.67	0.83	0.29	0.00	0.00	1.20	81.07	91.99	3.39	53.71	46.30	3.42	Switchgrass_Hay
155	87.95	45.00	0.00	1.63	0.79	0.25	0.00	0.00	1.10	66.40	77.66	10.74	35.57	63.93	10.50	Teff_(Lovegrass)_Hay
156	87.83	57.00	0.00	2.06	1.21	0.64	14.15	0.00	1.93	63.81	80.13	9.44	75.00	25.00	8.50	Timothy_Hay
157	26.01	61.40	2.71	2.22	1.36	0.78	0.80	1.70	2.89	56.59	72.87	15.33	77.02	22.71	8.91	Triticale_Forage_Fresh
158	88.44	82.70	3.65	2.99	2.02	1.37	0.00	61.04	1.65	14.10	84.26	12.13	67.30	32.56	1.96	Triticale_Grain
159	90.28	58.50	2.58	2.12	1.26	0.69	0.00	5.06	2.09	57.73	77.97	11.58	68.85	31.09	8.36	Triticale_Hay
160	32.97	57.80	2.55	2.09	1.24	0.67	1.70	1.94	3.66	58.57	71.70	13.90	81.76	18.12	10.74	Triticale_Silage
161	90.10	71.90	3.17	2.60	1.69	1.08	0.00	21.17	4.32	40.09	72.72	17.48	64.35	35.65	5.48	Wheat_Bran
162	34.11	61.70	2.72	2.23	1.37	0.79	26.30	4.11	3.00	54.16	72.77	15.32	75.45	24.36	8.91	Wheat_Forage_Fresh
163	88.94	86.80	3.83	3.14	2.15	1.47	8.55	62.42	1.89	12.36	82.05	13.79	64.22	35.58	2.27	Wheat_Grain
164	82.96	86.80	0.00	3.14	2.14	1.47	0.00	64.87	1.88	13.55	81.73	14.42	71.00	29.00	1.97	Wheat_Grain_Steam_Flaked
165	89.91	58.80	2.59	2.13	1.27	0.70	9.35	4.68	2.00	57.89	78.74	11.11	66.03	33.85	8.15	Wheat_Hay
166	88.85	72.90	3.22	2.64	1.73	1.11	0.00	25.56	4.14	38.33	71.93	18.56	68.19	31.62	5.37	Wheat_Middlings
167	34.11	59.10	2.61	2.14	1.28	0.71	1.81	6.62	3.40	56.54	73.65	12.67	82.11	17.78	10.28	Wheat_Silage
168	91.77	50.00	2.21	1.81	0.97	0.42	2.50	1.64	1.43	73.65	85.95	5.09	65.35	34.54	7.53	Wheat_Straw
169	16.60	80.90	3.58	2.92	1.97	1.32	50.60	3.28	3.98	1.66	77.00	6.30	94.52	5.47	12.72	Whey_Wet
170	93.84	82.30	3.63	2.98	2.01	1.36	56.09	1.28	1.96	0.55	71.44	13.91	78.08	21.92	12.69	Whey_Dry
171	26.70	66.00	2.91	2.39	1.51	0.91	8.00	0.80	3.80	55.70	79.00	12.20	80.00	20.00	5.00	TFLV
172	22.60	84.00	3.70	3.04	2.06	1.40	13.00	0.70	4.10	61.00	70.00	17.90	0.00	0.00	8.00	Ryegrass_Fresh_Italian
173	37.00	60.00	0.00	2.23	1.32	0.66	0.00	4.11	1.60	54.16	80.40	11.00	78.00	22.00	7.00	WGCFE
174	50.00	55.00	0.00	2.23	1.21	0.46	0.00	4.11	1.60	54.16	81.40	10.00	75.00	25.00	7.00	WGCFFB
175	51.23	54.20	0.00	1.92	1.07	0.52	0.00	0.00	5.00	0.00	75.28	17.82	80.30	19.70	1.90	NativeGrasses_BillPayne
176	51.23	54.50	0.00	1.92	1.07	0.52	0.00	0.00	5.00	66.60	81.20	8.80	80.00	20.00	5.00	LometaIndian_BillPayne
177	51.23	61.60	0.00	1.92	1.07	0.52	0.00	0.00	5.00	64.00	79.80	13.50	86.70	13.30	1.70	SwitchGrass_BillPayne