     1981   865.357   554.957    54.440     0.006    88.027     0.050     0.000   172.776     0.000   142.671     2.245     0.000    20.727     0.001     0.017     1.333     7.972     0.000     0.000    21.823    20.689    67.574     0.000     0.000   201.750     0.000     0.366     2.696     0.000     0.019     0.000    67.250    11.121     0.088     0.000     6.923    89.853    27.129     5066.      903.     5113.      942.    49597.    50724.        0.       19.      0.00      0.00   36905.2   38439.1       0.0       0.0       0.0
     1982   939.874   502.908    72.684     0.009   139.441     0.065     0.000   356.187     0.000   212.339     1.998     0.000     6.907     0.002     0.019     5.690     6.810     0.000     0.000    93.698    17.858    47.501     0.000     0.000   201.750     0.000     0.381     1.989     0.000     0.046     0.000    67.250    16.757     0.086     0.000     7.519    88.919    29.051     5113.      942.     5035.      976.    50724.    50872.       19.       24.      0.00      0.00   38439.1   39019.0       0.0       0.0       0.0
     1983   934.750   620.124    93.612     0.008    86.393     0.103     0.000   218.598     0.000   180.270     1.956     0.000    11.065     0.001     0.027     3.986     6.145     0.000     0.000    64.347    16.396    48.781     0.000     0.000   201.750     0.000     0.174     1.204     0.000     0.032     0.000    67.250    18.258     0.080     0.000     7.478   124.522    42.165     5035.      976.     4934.      997.    50872.    51329.       24.       26.      0.00      0.00   39019.0   40072.3       0.0       0.0       0.0
     1984  1157.954   619.819   112.142     0.011   107.817     1.207     0.000   260.182     0.000   221.767     2.644     0.000    14.810     0.001     0.290     3.719     9.067     0.000     0.000    56.540    96.003    49.910     0.000     0.000   201.750     0.000     0.422     1.578     0.000     0.038     0.000    67.250    25.303     0.122     0.000     9.264    60.839    17.990     4934.      997.     4864.     1044.    51329.    50337.       26.       48.      0.00      0.00   40072.3   38486.8       0.3       0.0       0.0
     1985  1010.837   703.646    78.704     0.009    75.811     2.665     0.000   202.954     0.000   158.336     1.703     0.000    14.828     0.001     0.844     2.265     5.461     0.000     0.000    38.815   101.501    50.703     0.000     0.000   201.750     0.000     0.529     0.978     0.000     0.028     0.000    67.250    15.282     0.079     0.000     8.087    52.537    18.278     4864.     1044.     4816.     1090.    50337.    49799.       48.       76.      0.00      0.00   38486.8   37357.1       0.0       0.0       0.0
     1986  1030.110   763.102    43.810     0.009    83.528     2.906     0.000   211.139     0.000   131.489     1.014     0.000     5.956     0.001     1.488     2.348     3.303     0.000     0.000    37.833   111.066    47.527     0.000     0.000   201.750     0.000     0.625     0.817     0.000     0.029     0.000    67.250     6.515     0.048     0.000     8.241    50.309    17.210     4816.     1090.     4760.     1138.    49799.    48418.       76.       96.      0.00      0.00   37357.1   34848.4       0.0       0.0       0.0
     1987  1077.204   796.002    56.951     0.009    84.758     3.106     0.000   201.213     0.000   146.133     1.502     0.000    62.990     0.001     2.109     2.101     4.123     0.000     0.000    31.377   102.687    43.968     0.000     0.000   201.750     0.000     1.150     1.399     0.000     0.027     0.000    67.250     5.065     0.055     0.000     8.618    62.941    21.668     4760.     1138.     4643.     1179.    48418.    47870.       96.      108.      0.00      0.00   34848.4   33179.8       0.0       0.0       0.0
     1988   979.623   757.749    66.543     0.008    76.265     3.289     0.000   185.794     0.000   147.486     1.918     0.000     9.242     0.001     1.944     1.424     5.280     0.000     0.000    22.117    83.979    39.897     0.000     0.000   201.750     0.000     1.401     1.774     0.000     0.024     0.000    67.250     7.944     0.076     0.000     7.837    50.545    19.263     4643.     1179.     4641.     1222.    47870.    48013.      108.      118.      0.00      0.00   33179.8   31809.7       0.0       0.0       0.0
     1989  1013.750   786.649    27.720     0.009    75.809     2.987     0.000   192.052     0.000   107.798     0.869     0.000     5.203     0.001     2.792     1.350     2.367     0.000     0.000    21.897    87.033    35.771     0.000     0.000   201.750     0.000     0.564     0.855     0.000     0.026     0.000    67.250     6.981     0.039     0.000     8.110    47.930    18.592     4641.     1222.     4646.     1268.    48013.    48269.      118.      127.      0.00      0.00   31809.7   30760.6       0.0       0.0       0.0
     1990   982.709   772.655    20.762     0.009    77.183     2.190     0.000   195.591     0.000   101.118     0.398     0.000    11.489     0.001     2.874     1.578     1.183     0.000     0.000    25.765    81.855    31.903     0.000     0.000   201.750     0.000     0.430     0.301     0.000     0.027     0.000    67.250    10.046     0.034     0.000     7.862    40.901    16.074     4646.     1268.     4662.     1318.    48269.    48728.      127.      135.      0.00      0.00   30760.6   29963.4       0.0       0.0       0.0
     1991   927.055   788.906    70.511     0.007    57.482     1.636     0.000   148.442     0.000   130.403     1.866     0.000    13.247     0.001     2.153     1.463     4.869     0.000     0.000    24.435    80.628    29.050     0.000     0.000   201.750     0.000     1.856     1.998     0.000     0.021     0.000    67.250    19.537     0.096     0.000     7.416    44.375    17.117     4662.     1318.     4673.     1363.    48728.    49854.      135.      141.      0.00      0.00   29963.4   29188.6       0.0       0.0       0.0
     1992  1011.368   747.381    18.827     0.008    73.711     0.998     0.000   195.396     0.000    94.067     0.574     0.000     9.802     0.001     1.420     1.761     2.052     0.000     0.000    30.413    82.372    26.610     0.000     0.000   201.750     0.000     0.399     0.484     0.000     0.027     0.000    67.250    11.705     0.081     0.000     8.091    39.000    14.565     4673.     1363.     4692.     1413.    49854.    51012.      141.      144.      0.00      0.00   29188.6   28589.1       0.0       0.0       0.0
     1993   937.365   754.039    61.353     0.007    72.870     1.297     0.000   165.056     0.000   136.164     1.459     0.000     8.776     0.001     1.691     1.851     4.249     0.000     0.000    26.254    72.025    24.216     0.000     0.000   201.750     0.000     1.258     1.216     0.000     0.025     0.000    67.250    22.092     0.153     0.000     7.499    37.647    12.994     4692.     1413.     4731.     1464.    51012.    53293.      144.      145.      0.00      0.00   28589.1   28038.5       0.0       0.0       0.0
     1994  1022.902   764.445    60.911     0.008    71.380     1.277     0.000   177.460     0.000   134.198     1.944     0.000     5.352     0.001     1.750     1.567     5.335     0.000     0.000    24.831    61.928    21.628     0.000     0.000   201.750     0.000     1.242     1.925     0.000     0.028     0.000    67.250    20.578     0.176     0.000     8.183    41.443    13.961     4731.     1464.     4778.     1513.    53293.    55481.      145.      149.      0.00      0.00   28038.5   27517.8       0.0       0.0       0.0
     1995  1011.124   750.924    54.016     0.009    78.956     1.212     0.000   204.260     0.000   134.795     1.608     0.000    10.533     0.000     2.251     1.455     4.435     0.000     0.000    24.432    71.020    20.276     0.000     0.000   201.750     0.000     1.200     1.768     0.000     0.037     0.000    67.250    26.340     0.186     0.000     8.089    31.670     8.073     4778.     1513.     4832.     1568.    55481.    58225.      149.      149.      0.00      0.00   27517.8   27047.6       0.0       0.0       0.0
     1996   874.303   670.820    44.536     0.007    65.945     0.910     0.000   164.996     0.000   111.892     0.760     0.000     6.288     0.000     1.365     1.475     2.358     0.000     0.000    23.839    73.186    17.970     0.000     0.000   201.750     0.000     0.766     0.610     0.000     0.035     0.000    67.250    18.507     0.150     0.000     6.994    36.963     8.402     4832.     1568.     4895.     1624.    58225.    65887.      149.      137.      0.00      0.00   27047.6   26965.2       0.0       0.0       0.0
     1997   726.978   694.192    50.830     0.005    45.381     0.712     0.000   105.780     0.000    97.349     0.685     0.000     4.738     0.000     0.983     1.248     1.881     0.000     0.000    18.591    54.371    18.040     0.000     0.000   201.750     0.000     0.469     0.328     0.000     0.025     0.000    67.250    17.358     0.144     0.000     5.816    72.423    22.165     4895.     1624.     4947.     1667.    65887.    82277.      137.      130.      0.00      0.00   26965.2   28203.5       0.0       0.0       0.0
     1998   914.299   577.705    34.166     0.007    55.722     0.779     0.000   143.674     0.000    91.114     0.691     0.000     6.515     0.000     1.238     1.619     1.363     0.000     0.000    26.929   117.565    28.385     0.000     0.000   201.750     0.000     0.313     0.325     0.000     0.040     0.000    67.250     3.810     0.016     0.000     7.314    46.959    12.574     4947.     1667.     4971.     1720.    82277.   104309.      130.      115.      0.00      0.00   28203.5   27838.1       0.0       0.0       0.0
     1999   879.938   709.267    42.111     0.007    59.095     1.804     0.000   146.837     0.000   103.850     0.735     0.000     4.575     0.000     2.602     1.809     2.504     0.000     0.000    28.741    86.804    25.819     0.000     0.000   201.750     0.000     0.393     0.357     0.000     0.043     0.000    67.250    15.122     0.346     0.000     7.040    33.102    10.581     4971.     1720.     5065.     1775.   104309.   141170.      115.      138.      0.00      0.00   27838.1   27008.4       0.0       0.0       0.0
     2000   943.252   747.639    45.480     0.008    62.652     1.357     0.000   158.385     0.000   110.162     0.879     0.000     6.149     0.000     2.555     1.864     2.946     0.000     0.000    29.861    63.046    19.725     0.000     0.000   201.750     0.000     1.124     0.792     0.000     0.050     0.000    67.250    18.670     0.514     0.000     7.546    36.162    11.620     5065.     1775.     5261.     1828.   141170.   221311.      138.      147.      0.00      0.00   27008.4   26501.6       0.0       0.0       0.0
     2001   947.854   727.053    67.123     0.008    71.446     0.974     0.000   185.560     0.000   140.065     1.370     0.000     4.518     0.000     1.692     1.832     7.012     0.000     0.000    30.504    56.598    16.865     0.000     0.000   201.750     0.000     0.970     0.883     0.000     0.066     0.000    67.250    31.421     1.938     0.000     7.583    69.761    23.101     5261.     1828.     6095.     1868.   221311.   664686.      147.      113.      0.00      0.00   26501.6   27954.8       0.0       0.0       0.0
     2002   873.303   663.081    35.605     0.007    66.772     0.741     0.000   158.158     0.000   103.538     0.632     0.000     2.712     0.000     1.436     1.806    18.871     0.000     0.000    27.494   100.793    22.980     0.000     0.000   201.750     0.000     0.162     0.257     0.000     0.065     0.000    67.250    33.932     9.038     0.000     6.986    78.107    25.794     6095.     1868.    11616.     1907.   664686.  3655609.      113.       95.      0.00      0.00   27954.8   29044.7       0.0       0.0       0.0
     2003  1013.439   734.923    62.198     0.009    71.631     1.129     0.000   181.712     0.000   135.534     1.128     0.000    56.559     0.000     2.178     1.938   123.479     0.000     0.000    31.352    86.992    26.539     0.000     0.000   201.750     0.000     0.704     0.675     0.000     0.084     0.000    67.250    63.655    64.515     0.000     8.108    35.812    12.055    11616.     1907.    61368.     1960.  3655609. 30438650.       95.      122.      0.00      0.00   29044.7   27301.4       0.0       0.0       0.0
     2004   947.380   764.012    66.304     0.007    64.478     1.231     0.000   164.760     0.000   132.634     1.833     0.000     4.022     0.000     2.405     1.501  1414.653     0.000     0.000    24.675    53.434    19.740     0.000     0.000   201.750     0.000     1.353     1.711     0.000     0.087     0.000    67.250    89.203   757.753     0.000     7.579    31.056     9.965    61368.     1960.   605349.     2014. 30438650.323066592.      122.      143.      0.00      0.00   27301.4   26570.8       0.0       0.0       0.0
     2005   884.587   731.883     5.369     0.007    58.192     0.729     0.000   143.029     0.000    64.725     0.105     0.000     3.184     0.000     1.743     1.392  3336.372     0.000     0.000    21.880    47.385    16.916     0.000     0.000   201.750     0.000     0.080     0.055     0.000     0.085     0.000    67.250    13.957  1794.726     0.000     7.077    33.365    10.851   605349.     2014.  6550006.     2069.323066592.**********      143.      144.      0.00      0.00   26570.8   26172.1       0.0       0.0       0.0
     2006  1033.947   700.065    75.651     0.010    85.856     1.054     0.000   219.962     0.000   163.117     3.017     0.000     3.030     0.000     2.050     2.254277448.812     0.000     0.000    37.157    65.300    15.551     0.000     0.000   201.750     0.000     1.183     2.415     0.000     0.142     0.000    67.250   107.207149265.109     0.000     8.272    41.353     9.419  6550006.     2069. 74542216.     2122.********************      144.      139.      0.00      0.00   26172.1   26238.8       0.0       0.0       0.0
     2007   815.887   585.016    49.559     0.007    62.216     0.963     0.000   148.491     0.000   113.263     0.623     0.000     1.913     0.000     1.800     1.771**********     0.000     0.000    27.017    86.268    20.420     0.000     0.000   201.750     0.000     0.370     0.264     0.000     0.111     0.000    67.250    47.479**********     0.000     6.527    54.139    13.443 74542216.     2122.932909696.     2174.********************      139.      129.      0.00      0.00   26238.8   26910.1       0.0       0.0       0.0
     2008   937.072   698.648    69.754     0.007    64.084     2.069     0.000   164.461     0.000   136.842     1.391     0.000     3.650     0.000     3.296     1.842**********     0.000     0.000    30.350    86.726    25.714     0.000     0.000   201.750     0.000     0.590     0.777     0.000     0.139     0.000    67.250   115.368**********     0.000     7.497    30.313     8.441932909696.     2174.**********     2230.********************      129.      150.      0.00      0.00   26910.1   25849.8       0.0       0.0       0.0
     2009   836.885   779.026    11.881     0.006    46.419     1.450     0.000   113.700     0.000    60.450     0.228     0.000     4.538     0.000     3.365     1.241**********     0.000     0.000    19.480    53.799    18.184     0.000     0.000   201.750     0.000     0.229     0.227     0.000     0.107     0.000    67.250    24.542**********     0.000     6.695    37.839    12.800**********     2230.**********     2283.********************      150.      167.      0.00      0.00   25849.8   25324.1       0.0       0.0       0.0
     2010   895.574   689.711    13.786     0.008    70.402     0.835     0.000   182.461     0.000    85.498     0.314     0.000     6.861     0.000     2.130     1.740**********     0.000     0.000    28.996    58.079    15.341     0.000     0.000   201.750     0.000     0.161     0.213     0.000     0.186     0.000    67.250    53.080**********     0.000     7.165    45.082     8.305**********     2283.**********     2340.********************      167.      151.      0.00      0.00   25324.1   25892.5       0.0       0.0       0.0
     2011   756.936   623.567    52.832     0.005    51.682     0.882     0.000   120.507     0.000   105.886     0.980     0.000     2.811     0.000     1.659     1.342**********     0.000     0.000    19.763    79.826    18.551     0.000     0.000   201.750     0.000     0.512     0.608     0.000     0.136     0.000    67.250    98.757**********     0.000     6.055    53.252    11.743**********     2340.**********     2393.********************      151.      147.      0.00      0.00   25892.5   26356.2       0.0       0.0       0.0
     2012  1165.092   728.142    99.256     0.010    79.146     1.257     0.000   225.003     0.000   180.275     3.250     0.000    52.567     0.000     2.203     1.781**********     0.000     0.000    32.228    80.865    24.896     0.000     0.000   201.750     0.000     2.079     2.975     0.000     0.271     0.000    67.250   105.820**********     0.000     9.321    42.904    14.630**********     2393.**********     2439.********************      147.      154.      0.00      0.00   26356.2   25376.4       0.4       0.0       0.0
     2013   837.918   720.789    40.133     0.007    72.465     1.517     0.000   155.598     0.000   114.845     0.955     0.000     5.985     0.000     2.995     1.330**********     0.000     0.000    17.688    47.947    18.694     0.000     0.000   201.750     0.000     0.826     1.008     0.000     0.213     0.000    67.250   110.910**********     0.000     6.703    27.292     5.948**********     2439.**********     2497.********************      154.      167.      0.00      0.00   25376.4   24858.0       0.0       0.0       0.0
