State|County|ID| Polygon Point Coordinates
MD|Carroll|1|-77.298937,39.636742 -77.310194,39.636742 -77.311493,39.639812 -77.306595,39.640911 -77.302399,39.640411 -77.298937,39.636742 -77.272542,39.650741 -77.272542,39.643623 -77.272896,39.644211 -77.275795,39.647312 -77.272542,39.650741 -77.272542,39.641247 -77.272542,39.636742 -77.278303,39.636742 -77.275093,39.640213 -77.272542,39.641247
MD|Carroll|2|-77.265049,39.663053 -77.265049,39.645673 -77.272542,39.645673 -77.272542,39.650741 -77.270294,39.653111 -77.266899,39.65451 -77.265396,39.656311 -77.266396,39.662113 -77.265049,39.663053
MD|Carroll|3|-77.265049,39.645673 -77.265049,39.636742 -77.272542,39.636742 -77.272542,39.641247 -77.271393,39.641712 -77.272542,39.643623 -77.272542,39.645673 -77.265049,39.645673
MD|Carroll|4|-77.255499,39.66419 -77.255499,39.657332 -77.265049,39.657332 -77.265049,39.663053 -77.2621,39.665112 -77.255699,39.66341 -77.255499,39.66419
MD|Carroll|5|-77.255499,39.657332 -77.255499,39.650469 -77.265049,39.650469 -77.265049,39.657332 -77.255499,39.657332
MD|Carroll|6|-77.255499,39.650469 -77.255499,39.643605 -77.265049,39.643605 -77.265049,39.650469 -77.255499,39.650469
MD|Carroll|7|-77.255499,39.643605 -77.255499,39.636742 -77.265049,39.636742 -77.265049,39.643605 -77.255499,39.643605
MD|Carroll|8|-77.241396,39.695499 -77.241396,39.689045 -77.243996,39.69091 -77.241501,39.695511 -77.241396,39.695499 -77.241396,39.671921 -77.241396,39.664632 -77.255385,39.664632 -77.254593,39.667713 -77.249695,39.667713 -77.2444,39.669811 -77.241396,39.671921
MD|Carroll|9|-77.255499,39.66419 -77.255385,39.664632 -77.248446,39.664632 -77.248446,39.655334 -77.255499,39.655334 -77.255499,39.66419
MD|Carroll|10|-77.248446,39.664632 -77.241396,39.664632 -77.241396,39.655334 -77.248446,39.655334 -77.248446,39.664632
MD|Carroll|11|-77.255499,39.655334 -77.248447,39.655334 -77.248447,39.646038 -77.255499,39.646038 -77.255499,39.655334
MD|Carroll|12|-77.248447,39.655334 -77.241396,39.655334 -77.241396,39.646038 -77.248447,39.646038 -77.248447,39.655334
MD|Carroll|13|-77.255499,39.646038 -77.248447,39.646038 -77.248447,39.636742 -77.255499,39.636742 -77.255499,39.646038
MD|Carroll|14|-77.248447,39.646038 -77.241396,39.646038 -77.241396,39.636742 -77.248447,39.636742 -77.248447,39.646038
MD|Carroll|15|-77.223332,39.710538 -77.223332,39.7049 -77.225693,39.706013 -77.226295,39.709511 -77.223332,39.710538 -77.223332,39.695135 -77.223332,39.691669 -77.241396,39.691669 -77.241396,39.695499 -77.226395,39.693813 -77.223332,39.695135
MD|Carroll|16|-77.241396,39.691669 -77.23112,39.691669 -77.23112,39.683252 -77.236248,39.683252 -77.236298,39.685814 -77.239395,39.687611 -77.241396,39.689045 -77.241396,39.691669
MD|Carroll|17|-77.23112,39.691669 -77.223332,39.691669 -77.223332,39.683252 -77.23112,39.683252 -77.23112,39.691669
MD|Carroll|18|-77.230833,39.683252 -77.230833,39.67198 -77.241312,39.67198 -77.2397,39.673111 -77.237099,39.674614 -77.234596,39.678413 -77.236198,39.680714 -77.236248,39.683252 -77.230833,39.683252
MD|Carroll|19|-77.230833,39.67198 -77.230833,39.665773 -77.241396,39.665773 -77.241396,39.671921 -77.241312,39.67198 -77.230833,39.67198
MD|Carroll|20|-77.223332,39.683252 -77.223332,39.674513 -77.230833,39.674513 -77.230833,39.683252 -77.223332,39.683252
MD|Carroll|21|-77.223332,39.674513 -77.223332,39.665773 -77.230833,39.665773 -77.230833,39.674513 -77.223332,39.674513
MD|Carroll|22|-77.232364,39.665773 -77.232364,39.658515 -77.241396,39.658515 -77.241396,39.665773 -77.232364,39.665773
MD|Carroll|23|-77.232364,39.658515 -77.232364,39.651257 -77.241396,39.651257 -77.241396,39.658515 -77.232364,39.658515
MD|Carroll|24|-77.223332,39.665773 -77.223332,39.658515 -77.232364,39.658515 -77.232364,39.665773 -77.223332,39.665773
MD|Carroll|25|-77.223332,39.658515 -77.223332,39.651257 -77.232364,39.651257 -77.232364,39.658515 -77.223332,39.658515
MD|Carroll|26|-77.232364,39.651257 -77.232364,39.644 -77.241396,39.644 -77.241396,39.651257 -77.232364,39.651257
MD|Carroll|27|-77.232364,39.644 -77.232364,39.636742 -77.241396,39.636742 -77.241396,39.644 -77.232364,39.644
MD|Carroll|28|-77.223332,39.651257 -77.223332,39.644 -77.232364,39.644 -77.232364,39.651257 -77.223332,39.651257
MD|Carroll|29|-77.223332,39.644 -77.223332,39.636742 -77.232364,39.636742 -77.232364,39.644 -77.223332,39.644
MD|Carroll|30|-77.210572,39.719934 -77.210572,39.710473 -77.223332,39.710473 -77.223332,39.710538 -77.216194,39.713013 -77.217094,39.719913 -77.210572,39.719934
MD|Carroll|31|-77.210572,39.710473 -77.210572,39.705335 -77.223332,39.705335 -77.223332,39.710473 -77.210572,39.710473
MD|Carroll|32|-77.210572,39.705335 -77.210572,39.696777 -77.219524,39.696777 -77.2155,39.698513 -77.216995,39.701912 -77.223332,39.7049 -77.223332,39.705335 -77.210572,39.705335
MD|Carroll|33|-77.199258,39.719971 -77.199258,39.714159 -77.210572,39.714159 -77.210572,39.719934 -77.199258,39.719971
MD|Carroll|34|-77.199258,39.714159 -77.199258,39.708365 -77.210572,39.708365 -77.210572,39.714159 -77.199258,39.714159
MD|Carroll|35|-77.199258,39.708365 -77.199258,39.702571 -77.210572,39.702571 -77.210572,39.708365 -77.199258,39.708365
MD|Carroll|36|-77.199258,39.702571 -77.199258,39.696777 -77.210572,39.696777 -77.210572,39.702571 -77.199258,39.702571
MD|Carroll|37|-77.212921,39.696777 -77.212921,39.69018 -77.223332,39.69018 -77.223332,39.695135 -77.219524,39.696777 -77.212921,39.696777
MD|Carroll|38|-77.212921,39.69018 -77.212921,39.683883 -77.223332,39.683883 -77.223332,39.69018 -77.212921,39.69018
MD|Carroll|39|-77.212921,39.683883 -77.212921,39.677586 -77.223332,39.677586 -77.223332,39.683883 -77.212921,39.683883
MD|Carroll|40|-77.212921,39.696777 -77.206089,39.696777 -77.206089,39.687182 -77.212921,39.687182 -77.212921,39.696777
MD|Carroll|41|-77.206089,39.696777 -77.199258,39.696777 -77.199258,39.687182 -77.206089,39.687182 -77.206089,39.696777
MD|Carroll|42|-77.212921,39.687182 -77.206089,39.687182 -77.206089,39.677586 -77.212921,39.677586 -77.212921,39.687182
MD|Carroll|43|-77.206089,39.687182 -77.199258,39.687182 -77.199258,39.677586 -77.206089,39.677586 -77.206089,39.687182
MD|Carroll|44|-77.213014,39.677586 -77.213014,39.671233 -77.223332,39.671233 -77.223332,39.677586 -77.213014,39.677586
MD|Carroll|45|-77.213014,39.671233 -77.213014,39.664879 -77.223332,39.664879 -77.223332,39.671233 -77.213014,39.671233
MD|Carroll|46|-77.213014,39.664879 -77.213014,39.658525 -77.223332,39.658525 -77.223332,39.664879 -77.213014,39.664879
MD|Carroll|47|-77.213014,39.677586 -77.206136,39.677586 -77.206136,39.668056 -77.213014,39.668056 -77.213014,39.677586
MD|Carroll|48|-77.206136,39.677586 -77.199258,39.677586 -77.199258,39.668056 -77.206136,39.668056 -77.206136,39.677586
MD|Carroll|49|-77.213014,39.668056 -77.206136,39.668056 -77.206136,39.658525 -77.213014,39.658525 -77.213014,39.668056
MD|Carroll|50|-77.206136,39.668056 -77.199258,39.668056 -77.199258,39.658525 -77.206136,39.658525 -77.206136,39.668056
MD|Carroll|51|-77.223332,39.658525 -77.217313,39.658525 -77.217313,39.647634 -77.223332,39.647634 -77.223332,39.658525
MD|Carroll|52|-77.217313,39.658525 -77.211295,39.658525 -77.211295,39.647634 -77.217313,39.647634 -77.217313,39.658525
MD|Carroll|53|-77.223332,39.647634 -77.217313,39.647634 -77.217313,39.636742 -77.223332,39.636742 -77.223332,39.647634
MD|Carroll|54|-77.217313,39.647634 -77.211295,39.647634 -77.211295,39.636742 -77.217313,39.636742 -77.217313,39.647634
MD|Carroll|55|-77.211295,39.658525 -77.205276,39.658525 -77.205276,39.647634 -77.211295,39.647634 -77.211295,39.658525
MD|Carroll|56|-77.205276,39.658525 -77.199258,39.658525 -77.199258,39.647634 -77.205276,39.647634 -77.205276,39.658525
MD|Carroll|57|-77.211295,39.647634 -77.205276,39.647634 -77.205276,39.636742 -77.211295,39.636742 -77.211295,39.647634
MD|Carroll|58|-77.205276,39.647634 -77.199258,39.647634 -77.199258,39.636742 -77.205276,39.636742 -77.205276,39.647634
MD|Carroll|59|-77.310194,39.636742 -77.302474,39.636742 -77.302474,39.625429 -77.304794,39.626312 -77.309395,39.630611 -77.310097,39.636513 -77.310194,39.636742
MD|Carroll|60|-77.302474,39.636742 -77.298937,39.636742 -77.296641,39.634307 -77.296641,39.62498 -77.301296,39.62498 -77.302474,39.625429 -77.302474,39.636742
MD|Carroll|61|-77.296641,39.634307 -77.294098,39.631611 -77.288399,39.630711 -77.286674,39.630886 -77.286674,39.62498 -77.296641,39.62498 -77.296641,39.634307
MD|Carroll|62|-77.293943,39.62498 -77.293943,39.6186 -77.306846,39.6186 -77.307495,39.619213 -77.300598,39.624714 -77.301296,39.62498 -77.293943,39.62498
MD|Carroll|63|-77.293943,39.6186 -77.293943,39.610244 -77.294495,39.610714 -77.300293,39.612411 -77.306846,39.6186 -77.293943,39.6186
MD|Carroll|64|-77.286674,39.62498 -77.286674,39.615962 -77.293943,39.615962 -77.293943,39.62498 -77.286674,39.62498
MD|Carroll|65|-77.293943,39.615962 -77.286674,39.615962 -77.286674,39.607687 -77.286896,39.607712 -77.287895,39.604713 -77.290398,39.605511 -77.291794,39.608414 -77.293943,39.610244 -77.293943,39.615962
MD|Carroll|66|-77.279566,39.631608 -77.279566,39.622024 -77.286674,39.622024 -77.286674,39.630886 -77.279566,39.631608
MD|Carroll|67|-77.269891,39.636742 -77.269891,39.628799 -77.279566,39.628799 -77.279566,39.631608 -77.275597,39.632011 -77.278793,39.636211 -77.278303,39.636742 -77.269891,39.636742