State|County|ID| Polygon Point Coordinates
MD|Baltimore City|1|-76.701893,39.372106 -76.701893,39.365244 -76.711536,39.365244 -76.711394,39.370006 -76.711494,39.372106 -76.701893,39.372106
MD|Baltimore City|2|-76.701893,39.365244 -76.701893,39.358424 -76.711406,39.358424 -76.711594,39.363306 -76.711536,39.365244 -76.701893,39.365244
MD|Baltimore City|3|-76.701893,39.372106 -76.697095,39.372106 -76.697095,39.358424 -76.701893,39.358424 -76.701893,39.372106
MD|Baltimore City|4|-76.687499,39.372106 -76.687499,39.365265 -76.697095,39.365265 -76.697095,39.372106 -76.687499,39.372106
MD|Baltimore City|5|-76.687499,39.365265 -76.687499,39.358424 -76.697095,39.358424 -76.697095,39.365265 -76.687499,39.365265
MD|Baltimore City|6|-76.70177,39.358424 -76.70177,39.35152 -76.711347,39.35152 -76.711394,39.351706 -76.711394,39.353306 -76.711194,39.353706 -76.711194,39.356906 -76.711394,39.358106 -76.711406,39.358424 -76.70177,39.358424
MD|Baltimore City|7|-76.70177,39.35152 -76.70177,39.344624 -76.711194,39.344624 -76.711194,39.344806 -76.711394,39.349406 -76.711194,39.350906 -76.711347,39.35152 -76.70177,39.35152
MD|Baltimore City|8|-76.70177,39.358424 -76.697013,39.358424 -76.697013,39.344624 -76.70177,39.344624 -76.70177,39.358424
MD|Baltimore City|9|-76.687499,39.358424 -76.687499,39.351524 -76.697013,39.351524 -76.697013,39.358424 -76.687499,39.358424
MD|Baltimore City|10|-76.687499,39.351524 -76.687499,39.344624 -76.697013,39.344624 -76.697013,39.351524 -76.687499,39.351524
MD|Baltimore City|11|-76.687499,39.372106 -76.681093,39.372106 -76.680393,39.371906 -76.677922,39.372021 -76.677922,39.365208 -76.687499,39.365208 -76.687499,39.372106
MD|Baltimore City|12|-76.687499,39.365208 -76.677922,39.365208 -76.677922,39.358354 -76.687499,39.358354 -76.687499,39.365208
MD|Baltimore City|13|-76.677922,39.372021 -76.676092,39.372106 -76.673142,39.372106 -76.673142,39.358354 -76.677922,39.358354 -76.677922,39.372021
MD|Baltimore City|14|-76.663595,39.372106 -76.663595,39.36523 -76.673142,39.36523 -76.673142,39.372106 -76.663595,39.372106
MD|Baltimore City|15|-76.663595,39.36523 -76.663595,39.358354 -76.673142,39.358354 -76.673142,39.36523 -76.663595,39.36523
MD|Baltimore City|16|-76.677938,39.358354 -76.677938,39.351489 -76.687499,39.351489 -76.687499,39.358354 -76.677938,39.358354
MD|Baltimore City|17|-76.677938,39.351489 -76.677938,39.344624 -76.687499,39.344624 -76.687499,39.351489 -76.677938,39.351489
MD|Baltimore City|18|-76.677938,39.358354 -76.673157,39.358354 -76.673157,39.344624 -76.677938,39.344624 -76.677938,39.358354
MD|Baltimore City|19|-76.663595,39.358354 -76.663595,39.351489 -76.673157,39.351489 -76.673157,39.358354 -76.663595,39.358354
MD|Baltimore City|20|-76.663595,39.351489 -76.663595,39.344624 -76.673157,39.344624 -76.673157,39.351489 -76.663595,39.351489
MD|Baltimore City|21|-76.702229,39.344624 -76.702229,39.337302 -76.711193,39.337302 -76.711194,39.344624 -76.702229,39.344624
MD|Baltimore City|22|-76.702229,39.337302 -76.702229,39.330169 -76.711493,39.330169 -76.711493,39.335306 -76.711193,39.336406 -76.711193,39.337302 -76.702229,39.337302
MD|Baltimore City|23|-76.688604,39.344624 -76.688604,39.339806 -76.702229,39.339806 -76.702229,39.344624 -76.688604,39.344624
MD|Baltimore City|24|-76.702229,39.339806 -76.695416,39.339806 -76.695416,39.330169 -76.702229,39.330169 -76.702229,39.339806
MD|Baltimore City|25|-76.695416,39.339806 -76.688604,39.339806 -76.688604,39.330169 -76.695416,39.330169 -76.695416,39.339806
MD|Baltimore City|26|-76.702263,39.330169 -76.702263,39.323057 -76.711493,39.323057 -76.711493,39.330169 -76.702263,39.330169
MD|Baltimore City|27|-76.702263,39.323057 -76.702263,39.315751 -76.711111,39.315751 -76.711093,39.319806 -76.711493,39.320806 -76.711493,39.323057 -76.702263,39.323057
MD|Baltimore City|28|-76.688604,39.330169 -76.688604,39.325363 -76.702263,39.325363 -76.702263,39.330169 -76.688604,39.330169
MD|Baltimore City|29|-76.702263,39.325363 -76.695434,39.325363 -76.695434,39.315751 -76.702263,39.315751 -76.702263,39.325363
MD|Baltimore City|30|-76.695434,39.325363 -76.688604,39.325363 -76.688604,39.315751 -76.695434,39.315751 -76.695434,39.325363
MD|Baltimore City|31|-76.678601,39.344624 -76.678601,39.338062 -76.688604,39.338062 -76.688604,39.344624 -76.678601,39.344624
MD|Baltimore City|32|-76.678601,39.338062 -76.678601,39.3315 -76.688604,39.3315 -76.688604,39.338062 -76.678601,39.338062
MD|Baltimore City|33|-76.678601,39.344624 -76.673599,39.344624 -76.673599,39.3315 -76.678601,39.3315 -76.678601,39.344624
MD|Baltimore City|34|-76.663595,39.344624 -76.663595,39.338062 -76.673599,39.338062 -76.673599,39.344624 -76.663595,39.344624
MD|Baltimore City|35|-76.663595,39.338062 -76.663595,39.3315 -76.673599,39.3315 -76.673599,39.338062 -76.663595,39.338062
MD|Baltimore City|36|-76.6761,39.3315 -76.6761,39.32625 -76.688604,39.32625 -76.688604,39.3315 -76.6761,39.3315
MD|Baltimore City|37|-76.688604,39.32625 -76.682352,39.32625 -76.682352,39.315751 -76.688604,39.315751 -76.688604,39.32625
MD|Baltimore City|38|-76.682352,39.32625 -76.6761,39.32625 -76.6761,39.315751 -76.682352,39.315751 -76.682352,39.32625
MD|Baltimore City|39|-76.663595,39.3315 -76.663595,39.32625 -76.6761,39.32625 -76.6761,39.3315 -76.663595,39.3315
MD|Baltimore City|40|-76.6761,39.32625 -76.669847,39.32625 -76.669847,39.315751 -76.6761,39.315751 -76.6761,39.32625
MD|Baltimore City|41|-76.669847,39.32625 -76.663595,39.32625 -76.663595,39.315751 -76.669847,39.315751 -76.669847,39.32625
MD|Baltimore City|42|-76.654285,39.372106 -76.654285,39.365055 -76.663595,39.365055 -76.663595,39.372106 -76.654285,39.372106
MD|Baltimore City|43|-76.654285,39.365055 -76.654285,39.358005 -76.663595,39.358005 -76.663595,39.365055 -76.654285,39.365055
MD|Baltimore City|44|-76.640319,39.372106 -76.640319,39.367406 -76.654285,39.367406 -76.654285,39.372106 -76.640319,39.372106
MD|Baltimore City|45|-76.654285,39.367406 -76.647302,39.367406 -76.647302,39.358005 -76.654285,39.358005 -76.654285,39.367406
MD|Baltimore City|46|-76.647302,39.367406 -76.640319,39.367406 -76.640319,39.358005 -76.647302,39.358005 -76.647302,39.367406
MD|Baltimore City|47|-76.654285,39.358005 -76.654285,39.350954 -76.663595,39.350954 -76.663595,39.358005 -76.654285,39.358005
MD|Baltimore City|48|-76.654285,39.350954 -76.654285,39.343903 -76.663595,39.343903 -76.663595,39.350954 -76.654285,39.350954
MD|Baltimore City|49|-76.640319,39.358005 -76.640319,39.353304 -76.654285,39.353304 -76.654285,39.358005 -76.640319,39.358005
MD|Baltimore City|50|-76.654285,39.353304 -76.647302,39.353304 -76.647302,39.343903 -76.654285,39.343903 -76.654285,39.353304
MD|Baltimore City|51|-76.647302,39.353304 -76.640319,39.353304 -76.640319,39.343903 -76.647302,39.343903 -76.647302,39.353304
MD|Baltimore City|52|-76.640319,39.372106 -76.638191,39.372106 -76.632891,39.372006 -76.631691,39.371706 -76.630028,39.371769 -76.630028,39.365613 -76.640319,39.365613 -76.640319,39.372106
MD|Baltimore City|53|-76.630028,39.365613 -76.630028,39.359234 -76.640319,39.359234 -76.640319,39.365613 -76.630028,39.365613
MD|Baltimore City|54|-76.630028,39.371769 -76.624833,39.371968 -76.624833,39.359234 -76.630028,39.359234 -76.630028,39.371769
MD|Baltimore City|55|-76.61859,39.372206 -76.614628,39.372034 -76.614628,39.365667 -76.624833,39.365667 -76.624833,39.371968 -76.61859,39.372206
MD|Baltimore City|56|-76.614628,39.365667 -76.614628,39.359234 -76.624833,39.359234 -76.624833,39.365667 -76.614628,39.365667
MD|Baltimore City|57|-76.627474,39.359234 -76.627474,39.354124 -76.640319,39.354124 -76.640319,39.359234 -76.627474,39.359234
MD|Baltimore City|58|-76.640319,39.354124 -76.633896,39.354124 -76.633896,39.343903 -76.640319,39.343903 -76.640319,39.354124
MD|Baltimore City|59|-76.633896,39.354124 -76.627474,39.354124 -76.627474,39.343903 -76.633896,39.343903 -76.633896,39.354124
MD|Baltimore City|60|-76.614628,39.359234 -76.614628,39.354124 -76.627474,39.354124 -76.627474,39.359234 -76.614628,39.359234
MD|Baltimore City|61|-76.627474,39.354124 -76.621051,39.354124 -76.621051,39.343903 -76.627474,39.343903 -76.627474,39.354124
MD|Baltimore City|62|-76.621051,39.354124 -76.614628,39.354124 -76.614628,39.343903 -76.621051,39.343903 -76.621051,39.354124
MD|Baltimore City|63|-76.654268,39.343903 -76.654268,39.336865 -76.663595,39.336865 -76.663595,39.343903 -76.654268,39.343903
MD|Baltimore City|64|-76.654268,39.336865 -76.654268,39.329827 -76.663595,39.329827 -76.663595,39.336865 -76.654268,39.336865
MD|Baltimore City|65|-76.640277,39.343903 -76.640277,39.339211 -76.654268,39.339211 -76.654268,39.343903 -76.640277,39.343903
MD|Baltimore City|66|-76.654268,39.339211 -76.647273,39.339211 -76.647273,39.329827 -76.654268,39.329827 -76.654268,39.339211
MD|Baltimore City|67|-76.647273,39.339211 -76.640277,39.339211 -76.640277,39.329827 -76.647273,39.329827 -76.647273,39.339211
MD|Baltimore City|68|-76.654268,39.329827 -76.654268,39.322789 -76.663595,39.322789 -76.663595,39.329827 -76.654268,39.329827
MD|Baltimore City|69|-76.654268,39.322789 -76.654268,39.315751 -76.663595,39.315751 -76.663595,39.322789 -76.654268,39.322789
MD|Baltimore City|70|-76.640277,39.329827 -76.640277,39.325135 -76.654268,39.325135 -76.654268,39.329827 -76.640277,39.329827
MD|Baltimore City|71|-76.654268,39.325135 -76.647273,39.325135 -76.647273,39.315751 -76.654268,39.315751 -76.654268,39.325135
MD|Baltimore City|72|-76.647273,39.325135 -76.640277,39.325135 -76.640277,39.315751 -76.647273,39.315751 -76.647273,39.325135
MD|Baltimore City|73|-76.630018,39.343903 -76.630018,39.337505 -76.640277,39.337505 -76.640277,39.343903 -76.630018,39.343903
MD|Baltimore City|74|-76.630018,39.337505 -76.630018,39.331107 -76.640277,39.331107 -76.640277,39.337505 -76.630018,39.337505
MD|Baltimore City|75|-76.630018,39.343903 -76.624888,39.343903 -76.624888,39.331107 -76.630018,39.331107 -76.630018,39.343903
MD|Baltimore City|76|-76.614628,39.343903 -76.614628,39.337505 -76.624888,39.337505 -76.624888,39.343903 -76.614628,39.343903
MD|Baltimore City|77|-76.614628,39.337505 -76.614628,39.331107 -76.624888,39.331107 -76.624888,39.337505 -76.614628,39.337505
MD|Baltimore City|78|-76.627453,39.331107 -76.627453,39.325988 -76.640277,39.325988 -76.640277,39.331107 -76.627453,39.331107
MD|Baltimore City|79|-76.640277,39.325988 -76.633865,39.325988 -76.633865,39.315751 -76.640277,39.315751 -76.640277,39.325988
MD|Baltimore City|80|-76.633865,39.325988 -76.627453,39.325988 -76.627453,39.315751 -76.633865,39.315751 -76.633865,39.325988
MD|Baltimore City|81|-76.614628,39.331107 -76.614628,39.325988 -76.627453,39.325988 -76.627453,39.331107 -76.614628,39.331107
MD|Baltimore City|82|-76.627453,39.325988 -76.62104,39.325988 -76.62104,39.315751 -76.627453,39.315751 -76.627453,39.325988
MD|Baltimore City|83|-76.62104,39.325988 -76.614628,39.325988 -76.614628,39.315751 -76.62104,39.315751 -76.62104,39.325988
MD|Baltimore City|84|-76.711156,39.305752 -76.711111,39.315751 -76.704569,39.315751 -76.704569,39.305752 -76.711156,39.305752
MD|Baltimore City|85|-76.704569,39.315751 -76.698004,39.315751 -76.698004,39.305752 -76.704569,39.305752 -76.704569,39.315751
MD|Baltimore City|86|-76.698004,39.305752 -76.698004,39.300765 -76.711179,39.300765 -76.711156,39.305752 -76.698004,39.305752
MD|Baltimore City|87|-76.711393,39.296806 -76.711193,39.297606 -76.711179,39.300765 -76.70461,39.300765 -76.70461,39.290828 -76.711051,39.290828 -76.711393,39.296806
MD|Baltimore City|88|-76.70461,39.300765 -76.698004,39.300765 -76.698004,39.290828 -76.70461,39.290828 -76.70461,39.300765
MD|Baltimore City|89|-76.698004,39.315751 -76.69142,39.315751 -76.69142,39.305782 -76.698004,39.305782 -76.698004,39.315751
MD|Baltimore City|90|-76.69142,39.315751 -76.684835,39.315751 -76.684835,39.305782 -76.69142,39.305782 -76.69142,39.315751
MD|Baltimore City|91|-76.684835,39.305782 -76.684835,39.300797 -76.698004,39.300797 -76.698004,39.305782 -76.684835,39.305782
MD|Baltimore City|92|-76.698004,39.300797 -76.69142,39.300797 -76.69142,39.290828 -76.698004,39.290828 -76.698004,39.300797
MD|Baltimore City|93|-76.69142,39.300797 -76.684835,39.300797 -76.684835,39.290828 -76.69142,39.290828 -76.69142,39.300797
MD|Baltimore City|94|-76.684835,39.315751 -76.67825,39.315751 -76.67825,39.305782 -76.684835,39.305782 -76.684835,39.315751
MD|Baltimore City|95|-76.67825,39.315751 -76.671666,39.315751 -76.671666,39.305782 -76.67825,39.305782 -76.67825,39.315751
MD|Baltimore City|96|-76.671666,39.305782 -76.671666,39.300797 -76.684835,39.300797 -76.684835,39.305782 -76.671666,39.305782
MD|Baltimore City|97|-76.684835,39.300797 -76.67825,39.300797 -76.67825,39.290828 -76.684835,39.290828 -76.684835,39.300797
MD|Baltimore City|98|-76.67825,39.300797 -76.671666,39.300797 -76.671666,39.290828 -76.67825,39.290828 -76.67825,39.300797
MD|Baltimore City|99|-76.671666,39.315751 -76.666398,39.315751 -76.666398,39.30329 -76.671666,39.30329 -76.671666,39.315751
MD|Baltimore City|100|-76.666398,39.315751 -76.655862,39.315751 -76.655862,39.30952 -76.666398,39.30952 -76.666398,39.315751
MD|Baltimore City|101|-76.655862,39.30952 -76.655862,39.30329 -76.666398,39.30329 -76.666398,39.30952 -76.655862,39.30952
MD|Baltimore City|102|-76.671666,39.30329 -76.666398,39.30329 -76.666398,39.290828 -76.671666,39.290828 -76.671666,39.30329
MD|Baltimore City|103|-76.655862,39.30329 -76.655862,39.297059 -76.666398,39.297059 -76.666398,39.30329 -76.655862,39.30329
MD|Baltimore City|104|-76.655862,39.297059 -76.655862,39.290828 -76.666398,39.290828 -76.666398,39.297059 -76.655862,39.297059
MD|Baltimore City|105|-76.711051,39.290828 -76.701489,39.290828 -76.701489,39.284015 -76.711156,39.284015 -76.711193,39.287506 -76.710993,39.289806 -76.711051,39.290828
MD|Baltimore City|106|-76.701489,39.290828 -76.691853,39.290828 -76.691853,39.284015 -76.701489,39.284015 -76.701489,39.290828
MD|Baltimore City|107|-76.711156,39.284015 -76.702761,39.284015 -76.702761,39.274385 -76.707893,39.276606 -76.710093,39.277406 -76.711093,39.278006 -76.711156,39.284015
MD|Baltimore City|108|-76.691853,39.284015 -76.691853,39.277998 -76.702761,39.277998 -76.702761,39.284015 -76.691853,39.284015
MD|Baltimore City|109|-76.691853,39.277998 -76.691853,39.269648 -76.694392,39.270806 -76.695792,39.271206 -76.701192,39.273706 -76.702761,39.274385 -76.702761,39.277998 -76.691853,39.277998
MD|Baltimore City|110|-76.691853,39.290828 -76.685078,39.290828 -76.685078,39.281138 -76.691853,39.281138 -76.691853,39.290828
MD|Baltimore City|111|-76.685078,39.290828 -76.678304,39.290828 -76.678304,39.281138 -76.685078,39.281138 -76.685078,39.290828
MD|Baltimore City|112|-76.678304,39.281138 -76.678304,39.276294 -76.691853,39.276294 -76.691853,39.281138 -76.678304,39.281138
MD|Baltimore City|113|-76.691853,39.276294 -76.684068,39.276294 -76.684068,39.266177 -76.685191,39.266706 -76.687292,39.267406 -76.688692,39.268206 -76.691853,39.269648 -76.691853,39.276294
MD|Baltimore City|114|-76.684068,39.276294 -76.678304,39.276294 -76.678304,39.263741 -76.681791,39.265106 -76.684068,39.266177 -76.684068,39.276294
MD|Baltimore City|115|-76.669327,39.290828 -76.669327,39.283515 -76.678304,39.283515 -76.678304,39.290828 -76.669327,39.290828
MD|Baltimore City|116|-76.669327,39.283515 -76.669327,39.276202 -76.678304,39.276202 -76.678304,39.283515 -76.669327,39.283515
MD|Baltimore City|117|-76.655862,39.290828 -76.655862,39.285953 -76.669327,39.285953 -76.669327,39.290828 -76.655862,39.290828
MD|Baltimore City|118|-76.669327,39.285953 -76.662595,39.285953 -76.662595,39.276202 -76.669327,39.276202 -76.669327,39.285953
MD|Baltimore City|119|-76.662595,39.285953 -76.655862,39.285953 -76.655862,39.276202 -76.662595,39.276202 -76.662595,39.285953
MD|Baltimore City|120|-76.665544,39.276202 -76.665544,39.271058 -76.678304,39.271058 -76.678304,39.276202 -76.665544,39.276202
MD|Baltimore City|121|-76.665544,39.271058 -76.665544,39.265913 -76.678304,39.265913 -76.678304,39.271058 -76.665544,39.271058
MD|Baltimore City|122|-76.665544,39.265913 -76.665544,39.258091 -76.673491,39.261306 -76.676891,39.263006 -76.677191,39.263306 -76.678304,39.263741 -76.678304,39.265913 -76.665544,39.265913
MD|Baltimore City|123|-76.655862,39.276202 -76.655862,39.269422 -76.665544,39.269422 -76.665544,39.276202 -76.655862,39.276202
MD|Baltimore City|124|-76.655862,39.269422 -76.655862,39.262641 -76.665544,39.262641 -76.665544,39.269422 -76.655862,39.269422
MD|Baltimore City|125|-76.655862,39.262641 -76.655862,39.253779 -76.66369,39.257106 -76.664491,39.257506 -76.664591,39.257706 -76.665544,39.258091 -76.665544,39.262641 -76.655862,39.262641
MD|Baltimore City|126|-76.648008,39.315751 -76.648008,39.307393 -76.655862,39.307393 -76.655862,39.315751 -76.648008,39.315751
MD|Baltimore City|127|-76.648008,39.307393 -76.648008,39.299036 -76.655862,39.299036 -76.655862,39.307393 -76.648008,39.307393
MD|Baltimore City|128|-76.636227,39.315751 -76.636227,39.310179 -76.648008,39.310179 -76.648008,39.315751 -76.636227,39.315751
MD|Baltimore City|129|-76.648008,39.310179 -76.642118,39.310179 -76.642118,39.299036 -76.648008,39.299036 -76.648008,39.310179
MD|Baltimore City|130|-76.642118,39.310179 -76.636227,39.310179 -76.636227,39.299036 -76.642118,39.299036 -76.642118,39.310179
MD|Baltimore City|131|-76.648008,39.299036 -76.648008,39.290678 -76.655862,39.290678 -76.655862,39.299036 -76.648008,39.299036
MD|Baltimore City|132|-76.648008,39.290678 -76.648008,39.28232 -76.655862,39.28232 -76.655862,39.290678 -76.648008,39.290678
MD|Baltimore City|133|-76.636227,39.299036 -76.636227,39.293464 -76.648008,39.293464 -76.648008,39.299036 -76.636227,39.299036
MD|Baltimore City|134|-76.648008,39.293464 -76.642118,39.293464 -76.642118,39.28232 -76.648008,39.28232 -76.648008,39.293464
MD|Baltimore City|135|-76.642118,39.293464 -76.636227,39.293464 -76.636227,39.28232 -76.642118,39.28232 -76.642118,39.293464
MD|Baltimore City|136|-76.627587,39.315751 -76.627587,39.308153 -76.636227,39.308153 -76.636227,39.315751 -76.627587,39.315751
MD|Baltimore City|137|-76.627587,39.308153 -76.627587,39.300555 -76.636227,39.300555 -76.636227,39.308153 -76.627587,39.308153
MD|Baltimore City|138|-76.614628,39.315751 -76.614628,39.310686 -76.627587,39.310686 -76.627587,39.315751 -76.614628,39.315751
MD|Baltimore City|139|-76.627587,39.310686 -76.621108,39.310686 -76.621108,39.300555 -76.627587,39.300555 -76.627587,39.310686
MD|Baltimore City|140|-76.621108,39.310686 -76.614628,39.310686 -76.614628,39.300555 -76.621108,39.300555 -76.621108,39.310686
MD|Baltimore City|141|-76.625427,39.300555 -76.625427,39.294477 -76.636227,39.294477 -76.636227,39.300555 -76.625427,39.300555
MD|Baltimore City|142|-76.625427,39.294477 -76.625427,39.288398 -76.636227,39.288398 -76.636227,39.294477 -76.625427,39.294477
MD|Baltimore City|143|-76.625427,39.288398 -76.625427,39.28232 -76.636227,39.28232 -76.636227,39.288398 -76.625427,39.288398
MD|Baltimore City|144|-76.614628,39.300555 -76.614628,39.294477 -76.625427,39.294477 -76.625427,39.300555 -76.614628,39.300555
MD|Baltimore City|145|-76.614628,39.294477 -76.614628,39.288398 -76.625427,39.288398 -76.625427,39.294477 -76.614628,39.294477
MD|Baltimore City|146|-76.614628,39.288398 -76.614628,39.28232 -76.625427,39.28232 -76.625427,39.288398 -76.614628,39.288398
MD|Baltimore City|147|-76.648173,39.28232 -76.648173,39.273783 -76.655862,39.273783 -76.655862,39.28232 -76.648173,39.28232
MD|Baltimore City|148|-76.648173,39.273783 -76.648173,39.265246 -76.655862,39.265246 -76.655862,39.273783 -76.648173,39.273783
MD|Baltimore City|149|-76.636639,39.28232 -76.636639,39.276629 -76.648173,39.276629 -76.648173,39.28232 -76.636639,39.28232
MD|Baltimore City|150|-76.648173,39.276629 -76.642406,39.276629 -76.642406,39.265246 -76.648173,39.265246 -76.648173,39.276629
MD|Baltimore City|151|-76.642406,39.276629 -76.636639,39.276629 -76.636639,39.265246 -76.642406,39.265246 -76.642406,39.276629
MD|Baltimore City|152|-76.628834,39.28232 -76.628834,39.273909 -76.636639,39.273909 -76.636639,39.28232 -76.628834,39.28232
MD|Baltimore City|153|-76.636639,39.273909 -76.628834,39.273909 -76.628834,39.271527 -76.629561,39.271985 -76.628834,39.271419 -76.628834,39.269719 -76.629989,39.269607 -76.63135,39.269143 -76.629999,39.268784 -76.629967,39.268633 -76.629289,39.268407 -76.628834,39.268408 -76.628834,39.265246 -76.636639,39.265246 -76.636639,39.273909
MD|Baltimore City|154|-76.614628,39.28232 -76.614628,39.277699 -76.628834,39.277699 -76.628834,39.28232 -76.614628,39.28232
MD|Baltimore City|155|-76.628834,39.269719 -76.628834,39.271419 -76.626892,39.269907 -76.628834,39.269719 -76.628834,39.265246 -76.628834,39.268408 -76.62879,39.268408 -76.628504,39.268835 -76.62589,39.268308 -76.626888,39.266408 -76.626789,39.26571 -76.627084,39.265246 -76.628834,39.265246 -76.619899,39.277699 -76.619899,39.265246 -76.620483,39.265246 -76.620289,39.270107 -76.621589,39.270107 -76.621588,39.270508 -76.621289,39.270907 -76.621189,39.272207 -76.621889,39.272307 -76.622389,39.272707 -76.621989,39.273907 -76.622389,39.273607 -76.623089,39.274407 -76.624489,39.273707 -76.624489,39.273107 -76.624989,39.271608 -76.625389,39.271007 -76.625788,39.269609 -76.628834,39.271527 -76.628834,39.277699 -76.619899,39.277699
MD|Baltimore City|156|-76.614628,39.277699 -76.614628,39.265246 -76.619899,39.265246 -76.619899,39.277699 -76.614628,39.277699
MD|Baltimore City|157|-76.646154,39.265246 -76.646154,39.258485 -76.655862,39.258485 -76.655862,39.265246 -76.646154,39.265246
MD|Baltimore City|158|-76.646154,39.258485 -76.646154,39.249624 -76.64749,39.250107 -76.65159,39.252007 -76.65279,39.252307 -76.65339,39.253007 -76.65439,39.253206 -76.65509,39.253706 -76.65569,39.253706 -76.655862,39.253779 -76.655862,39.258485 -76.646154,39.258485
MD|Baltimore City|159|-76.635235,39.265246 -76.635235,39.259234 -76.646154,39.259234 -76.646154,39.265246 -76.635235,39.265246
MD|Baltimore City|160|-76.635235,39.259234 -76.635235,39.253222 -76.646154,39.253222 -76.646154,39.259234 -76.635235,39.259234
MD|Baltimore City|161|-76.635235,39.253222 -76.635235,39.244675 -76.637389,39.245707 -76.639389,39.246507 -76.64389,39.248807 -76.646154,39.249624 -76.646154,39.253222 -76.635235,39.253222
MD|Baltimore City|162|-76.635235,39.265246 -76.630926,39.265246 -76.630926,39.259136 -76.631398,39.25829 -76.630989,39.258107 -76.630926,39.258134 -76.630926,39.249956 -76.635235,39.249956 -76.635235,39.265246
MD|Baltimore City|163|-76.627084,39.265246 -76.629184,39.261933 -76.629369,39.261262 -76.629947,39.260891 -76.630926,39.259136 -76.630926,39.265246 -76.627084,39.265246 -76.630926,39.258134 -76.629588,39.258704 -76.629389,39.257907 -76.628989,39.257707 -76.627489,39.257507 -76.626889,39.257107 -76.625998,39.256909 -76.625289,39.255907 -76.623351,39.255445 -76.623351,39.249956 -76.630926,39.249956 -76.630926,39.258134
MD|Baltimore City|164|-76.620483,39.265246 -76.614628,39.265246 -76.614628,39.260718 -76.615087,39.25971 -76.615289,39.260107 -76.614989,39.261107 -76.616093,39.262408 -76.617389,39.262907 -76.618394,39.263021 -76.618489,39.263307 -76.619187,39.264005 -76.619689,39.264207 -76.620489,39.265108 -76.620483,39.265246 -76.623351,39.255445 -76.623189,39.255407 -76.621502,39.255903 -76.616489,39.256207 -76.615881,39.256002 -76.615188,39.255607 -76.614628,39.254767 -76.614628,39.249956 -76.623351,39.249956 -76.623351,39.255445
MD|Baltimore City|165|-76.626253,39.249956 -76.626253,39.240723 -76.632589,39.243407 -76.635235,39.244675 -76.635235,39.249956 -76.626253,39.249956
MD|Baltimore City|166|-76.614628,39.249956 -76.614628,39.244309 -76.626253,39.244309 -76.626253,39.249956 -76.614628,39.249956
MD|Baltimore City|167|-76.614628,39.244309 -76.614628,39.243256 -76.615188,39.241908 -76.616277,39.242996 -76.615388,39.241707 -76.615188,39.241007 -76.617588,39.238707 -76.618153,39.23739 -76.617973,39.237305 -76.614628,39.2402 -76.614628,39.235637 -76.618269,39.237341 -76.626253,39.240723 -76.626253,39.244309 -76.614628,39.244309
MD|Baltimore City|168|-76.614628,39.372034 -76.61399,39.372006 -76.60979,39.372206 -76.60626,39.37215 -76.60626,39.364285 -76.614628,39.364285 -76.614628,39.372034
MD|Baltimore City|169|-76.614628,39.364285 -76.60626,39.364285 -76.60626,39.356441 -76.614628,39.356441 -76.614628,39.364285
MD|Baltimore City|170|-76.60626,39.37215 -76.597089,39.372006 -76.593653,39.372025 -76.593653,39.366854 -76.60626,39.366854 -76.60626,39.37215
MD|Baltimore City|171|-76.60626,39.366854 -76.599956,39.366854 -76.599956,39.356441 -76.60626,39.356441 -76.60626,39.366854
MD|Baltimore City|172|-76.599956,39.366854 -76.593653,39.366854 -76.593653,39.356441 -76.599956,39.356441 -76.599956,39.366854
MD|Baltimore City|173|-76.606238,39.356441 -76.606238,39.348617 -76.614628,39.348617 -76.614628,39.356441 -76.606238,39.356441
MD|Baltimore City|174|-76.606238,39.348617 -76.606238,39.340793 -76.614628,39.340793 -76.614628,39.348617 -76.606238,39.348617
MD|Baltimore City|175|-76.593653,39.356441 -76.593653,39.351225 -76.606238,39.351225 -76.606238,39.356441 -76.593653,39.356441
MD|Baltimore City|176|-76.606238,39.351225 -76.599945,39.351225 -76.599945,39.340793 -76.606238,39.340793 -76.606238,39.351225
MD|Baltimore City|177|-76.599945,39.351225 -76.593653,39.351225 -76.593653,39.340793 -76.599945,39.340793 -76.599945,39.351225
MD|Baltimore City|178|-76.585242,39.372073 -76.585242,39.364244 -76.593653,39.364244 -76.593653,39.372025 -76.585242,39.372073
MD|Baltimore City|179|-76.585242,39.364244 -76.585242,39.356439 -76.593653,39.356439 -76.593653,39.364244 -76.585242,39.364244
MD|Baltimore City|180|-76.572675,39.372144 -76.572675,39.366885 -76.585242,39.366885 -76.585242,39.372073 -76.572675,39.372144
MD|Baltimore City|181|-76.585242,39.366885 -76.578959,39.366885 -76.578959,39.356439 -76.585242,39.356439 -76.585242,39.366885
MD|Baltimore City|182|-76.578959,39.366885 -76.572675,39.366885 -76.572675,39.356439 -76.578959,39.356439 -76.578959,39.366885
MD|Baltimore City|183|-76.585262,39.356439 -76.585262,39.348616 -76.593653,39.348616 -76.593653,39.356439 -76.585262,39.356439
MD|Baltimore City|184|-76.585262,39.348616 -76.585262,39.340793 -76.593653,39.340793 -76.593653,39.348616 -76.585262,39.348616
MD|Baltimore City|185|-76.572675,39.356439 -76.572675,39.351223 -76.585262,39.351223 -76.585262,39.356439 -76.572675,39.356439
MD|Baltimore City|186|-76.585262,39.351223 -76.578968,39.351223 -76.578968,39.340793 -76.585262,39.340793 -76.585262,39.351223
MD|Baltimore City|187|-76.578968,39.351223 -76.572675,39.351223 -76.572675,39.340793 -76.578968,39.340793 -76.578968,39.351223
MD|Baltimore City|188|-76.606637,39.340793 -76.606637,39.332578 -76.614628,39.332578 -76.614628,39.340793 -76.606637,39.340793
MD|Baltimore City|189|-76.606637,39.332578 -76.606637,39.324363 -76.614628,39.324363 -76.614628,39.332578 -76.606637,39.332578
MD|Baltimore City|190|-76.59465,39.340793 -76.59465,39.335316 -76.606637,39.335316 -76.606637,39.340793 -76.59465,39.340793
MD|Baltimore City|191|-76.606637,39.335316 -76.600644,39.335316 -76.600644,39.324363 -76.606637,39.324363 -76.606637,39.335316
MD|Baltimore City|192|-76.600644,39.335316 -76.59465,39.335316 -76.59465,39.324363 -76.600644,39.324363 -76.600644,39.335316
MD|Baltimore City|193|-76.606637,39.324363 -76.606637,39.316148 -76.614628,39.316148 -76.614628,39.324363 -76.606637,39.324363
MD|Baltimore City|194|-76.606637,39.316148 -76.606637,39.307934 -76.614628,39.307934 -76.614628,39.316148 -76.606637,39.316148
MD|Baltimore City|195|-76.59465,39.324363 -76.59465,39.318887 -76.606637,39.318887 -76.606637,39.324363 -76.59465,39.324363
MD|Baltimore City|196|-76.606637,39.318887 -76.600644,39.318887 -76.600644,39.307934 -76.606637,39.307934 -76.606637,39.318887
MD|Baltimore City|197|-76.600644,39.318887 -76.59465,39.318887 -76.59465,39.307934 -76.600644,39.307934 -76.600644,39.318887
MD|Baltimore City|198|-76.58586,39.340793 -76.58586,39.333325 -76.59465,39.333325 -76.59465,39.340793 -76.58586,39.340793
MD|Baltimore City|199|-76.58586,39.333325 -76.58586,39.325857 -76.59465,39.325857 -76.59465,39.333325 -76.58586,39.333325
MD|Baltimore City|200|-76.572675,39.340793 -76.572675,39.335814 -76.58586,39.335814 -76.58586,39.340793 -76.572675,39.340793
MD|Baltimore City|201|-76.58586,39.335814 -76.579268,39.335814 -76.579268,39.325857 -76.58586,39.325857 -76.58586,39.335814
MD|Baltimore City|202|-76.579268,39.335814 -76.572675,39.335814 -76.572675,39.325857 -76.579268,39.325857 -76.579268,39.335814
MD|Baltimore City|203|-76.583663,39.325857 -76.583663,39.319882 -76.59465,39.319882 -76.59465,39.325857 -76.583663,39.325857
MD|Baltimore City|204|-76.583663,39.319882 -76.583663,39.313908 -76.59465,39.313908 -76.59465,39.319882 -76.583663,39.319882
MD|Baltimore City|205|-76.583663,39.313908 -76.583663,39.307934 -76.59465,39.307934 -76.59465,39.313908 -76.583663,39.313908
MD|Baltimore City|206|-76.572675,39.325857 -76.572675,39.319882 -76.583663,39.319882 -76.583663,39.325857 -76.572675,39.325857
MD|Baltimore City|207|-76.572675,39.319882 -76.572675,39.313908 -76.583663,39.313908 -76.583663,39.319882 -76.572675,39.319882
MD|Baltimore City|208|-76.572675,39.313908 -76.572675,39.307934 -76.583663,39.307934 -76.583663,39.313908 -76.572675,39.313908
MD|Baltimore City|209|-76.564498,39.372191 -76.564498,39.36414 -76.572675,39.36414 -76.572675,39.372144 -76.564498,39.372191
MD|Baltimore City|210|-76.564498,39.36414 -76.564498,39.356112 -76.572675,39.356112 -76.572675,39.36414 -76.564498,39.36414
MD|Baltimore City|211|-76.561788,39.372206 -76.552251,39.372177 -76.552251,39.366833 -76.564498,39.366833 -76.564498,39.372191 -76.561788,39.372206
MD|Baltimore City|212|-76.564498,39.366833 -76.558374,39.366833 -76.558374,39.356112 -76.564498,39.356112 -76.564498,39.366833
MD|Baltimore City|213|-76.558374,39.366833 -76.552251,39.366833 -76.552251,39.356112 -76.558374,39.356112 -76.558374,39.366833
MD|Baltimore City|214|-76.564505,39.356112 -76.564505,39.348077 -76.572675,39.348077 -76.572675,39.356112 -76.564505,39.356112
MD|Baltimore City|215|-76.564505,39.348077 -76.564505,39.340042 -76.572675,39.340042 -76.572675,39.348077 -76.564505,39.348077
MD|Baltimore City|216|-76.552251,39.356112 -76.552251,39.350756 -76.564505,39.350756 -76.564505,39.356112 -76.552251,39.356112
MD|Baltimore City|217|-76.564505,39.350756 -76.558378,39.350756 -76.558378,39.340042 -76.564505,39.340042 -76.564505,39.350756
MD|Baltimore City|218|-76.558378,39.350756 -76.552251,39.350756 -76.552251,39.340042 -76.558378,39.340042 -76.558378,39.350756
MD|Baltimore City|219|-76.552251,39.372177 -76.543271,39.372149 -76.543271,39.364853 -76.552251,39.364853 -76.552251,39.372177
MD|Baltimore City|220|-76.543271,39.364853 -76.543271,39.357542 -76.552251,39.357542 -76.552251,39.364853 -76.543271,39.364853
MD|Baltimore City|221|-76.543271,39.372149 -76.529687,39.372107 -76.529787,39.370089 -76.529781,39.367268 -76.543271,39.367268 -76.543271,39.372149
MD|Baltimore City|222|-76.543271,39.367268 -76.536521,39.367268 -76.536521,39.357542 -76.543271,39.357542 -76.543271,39.367268
MD|Baltimore City|223|-76.536521,39.367268 -76.529781,39.367268 -76.529762,39.357542 -76.536521,39.357542 -76.536521,39.367268
MD|Baltimore City|224|-76.540998,39.357542 -76.540998,39.351709 -76.552251,39.351709 -76.552251,39.357542 -76.540998,39.357542
MD|Baltimore City|225|-76.540998,39.351709 -76.540998,39.345876 -76.552251,39.345876 -76.552251,39.351709 -76.540998,39.351709
MD|Baltimore City|226|-76.540998,39.345876 -76.540998,39.340042 -76.552251,39.340042 -76.552251,39.345876 -76.540998,39.345876
MD|Baltimore City|227|-76.529762,39.357542 -76.52975,39.351703 -76.540998,39.351703 -76.540998,39.357542 -76.529762,39.357542
MD|Baltimore City|228|-76.52975,39.351703 -76.529738,39.34587 -76.540998,39.34587 -76.540998,39.351703 -76.52975,39.351703
MD|Baltimore City|229|-76.529738,39.34587 -76.529727,39.340042 -76.540998,39.340042 -76.540998,39.34587 -76.529738,39.34587
MD|Baltimore City|230|-76.564497,39.340042 -76.564497,39.332015 -76.572675,39.332015 -76.572675,39.340042 -76.564497,39.340042
MD|Baltimore City|231|-76.564497,39.332015 -76.564497,39.323988 -76.572675,39.323988 -76.572675,39.332015 -76.564497,39.332015
MD|Baltimore City|232|-76.552231,39.340042 -76.552231,39.334691 -76.564497,39.334691 -76.564497,39.340042 -76.552231,39.340042
MD|Baltimore City|233|-76.564497,39.334691 -76.558364,39.334691 -76.558364,39.323988 -76.564497,39.323988 -76.564497,39.334691
MD|Baltimore City|234|-76.558364,39.334691 -76.552231,39.334691 -76.552231,39.323988 -76.558364,39.323988 -76.558364,39.334691
MD|Baltimore City|235|-76.564497,39.323988 -76.564497,39.315961 -76.572675,39.315961 -76.572675,39.323988 -76.564497,39.323988
MD|Baltimore City|236|-76.564497,39.315961 -76.564497,39.307934 -76.572675,39.307934 -76.572675,39.315961 -76.564497,39.315961
MD|Baltimore City|237|-76.552231,39.323988 -76.552231,39.318637 -76.564497,39.318637 -76.564497,39.323988 -76.552231,39.323988
MD|Baltimore City|238|-76.564497,39.318637 -76.558364,39.318637 -76.558364,39.307934 -76.564497,39.307934 -76.564497,39.318637
MD|Baltimore City|239|-76.558364,39.318637 -76.552231,39.318637 -76.552231,39.307934 -76.558364,39.307934 -76.558364,39.318637
MD|Baltimore City|240|-76.543223,39.340042 -76.543223,39.332754 -76.552231,39.332754 -76.552231,39.340042 -76.543223,39.340042
MD|Baltimore City|241|-76.543223,39.332754 -76.543223,39.325467 -76.552231,39.325467 -76.552231,39.332754 -76.543223,39.332754
MD|Baltimore City|242|-76.543223,39.340042 -76.529727,39.340042 -76.529717,39.33518 -76.543223,39.33518 -76.543223,39.340042
MD|Baltimore City|243|-76.543223,39.33518 -76.536465,39.33518 -76.536465,39.325467 -76.543223,39.325467 -76.543223,39.33518
MD|Baltimore City|244|-76.536465,39.33518 -76.529717,39.33518 -76.529698,39.325467 -76.536465,39.325467 -76.536465,39.33518
MD|Baltimore City|245|-76.540998,39.325467 -76.540998,39.319622 -76.552231,39.319622 -76.552231,39.325467 -76.540998,39.325467
MD|Baltimore City|246|-76.540998,39.319622 -76.540998,39.313778 -76.552231,39.313778 -76.552231,39.319622 -76.540998,39.319622
MD|Baltimore City|247|-76.540998,39.313778 -76.540998,39.307934 -76.552231,39.307934 -76.552231,39.313778 -76.540998,39.313778
MD|Baltimore City|248|-76.529698,39.325467 -76.529686,39.319676 -76.529725,39.319661 -76.540998,39.319661 -76.540998,39.325467 -76.529698,39.325467
MD|Baltimore City|249|-76.529725,39.319661 -76.529971,39.319566 -76.529971,39.317827 -76.529733,39.317825 -76.529743,39.317469 -76.529992,39.317463 -76.529992,39.317128 -76.529753,39.317113 -76.529763,39.313781 -76.540998,39.313781 -76.540998,39.319661 -76.529725,39.319661
MD|Baltimore City|250|-76.529763,39.313781 -76.52978,39.307934 -76.540998,39.307934 -76.540998,39.313781 -76.529763,39.313781
MD|Baltimore City|251|-76.606094,39.307934 -76.606094,39.300241 -76.614628,39.300241 -76.614628,39.307934 -76.606094,39.307934
MD|Baltimore City|252|-76.606094,39.300241 -76.606094,39.292549 -76.614628,39.292549 -76.614628,39.300241 -76.606094,39.300241
MD|Baltimore City|253|-76.593294,39.307934 -76.593294,39.302805 -76.606094,39.302805 -76.606094,39.307934 -76.593294,39.307934
MD|Baltimore City|254|-76.606094,39.302805 -76.599694,39.302805 -76.599694,39.292549 -76.606094,39.292549 -76.606094,39.302805
MD|Baltimore City|255|-76.599694,39.302805 -76.593294,39.302805 -76.593294,39.292549 -76.599694,39.292549 -76.599694,39.302805
MD|Baltimore City|256|-76.607051,39.284873 -76.607051,39.284207 -76.607289,39.284207 -76.607051,39.284873 -76.607051,39.292549 -76.607051,39.286131 -76.607289,39.286607 -76.607887,39.286507 -76.607189,39.285607 -76.607796,39.284408 -76.608489,39.284507 -76.608689,39.286007 -76.610589,39.286007 -76.610689,39.285307 -76.611189,39.285107 -76.611289,39.285707 -76.611788,39.285507 -76.611689,39.282307 -76.611289,39.281907 -76.607889,39.281907 -76.607489,39.282207 -76.607051,39.281903 -76.607051,39.281668 -76.614628,39.281668 -76.614628,39.292549 -76.607051,39.292549
MD|Baltimore City|257|-76.607051,39.281668 -76.607051,39.273004 -76.614628,39.273004 -76.614628,39.281668 -76.607051,39.281668
MD|Baltimore City|258|-76.593294,39.292549 -76.593294,39.287777 -76.607051,39.287777 -76.607051,39.292549 -76.593294,39.292549
MD|Baltimore City|259|-76.593294,39.287777 -76.593294,39.282488 -76.60296,39.282488 -76.603188,39.282807 -76.603788,39.286306 -76.603888,39.285707 -76.603688,39.282808 -76.603988,39.282807 -76.604488,39.283007 -76.604388,39.285607 -76.605185,39.286703 -76.604688,39.285607 -76.604988,39.283207 -76.605988,39.283807 -76.605488,39.285607 -76.606289,39.286607 -76.606688,39.286607 -76.605988,39.285607 -76.605988,39.284907 -76.606388,39.284007 -76.606689,39.284107 -76.606889,39.284805 -76.606989,39.284207 -76.607051,39.284207 -76.607051,39.284873 -76.606789,39.285607 -76.607051,39.286131 -76.607051,39.287777 -76.593294,39.287777
MD|Baltimore City|260|-76.607051,39.273004 -76.607051,39.281903 -76.606769,39.281707 -76.605791,39.281707 -76.606279,39.281367 -76.605188,39.280607 -76.605188,39.280309 -76.604488,39.280207 -76.605788,39.279707 -76.605788,39.279307 -76.604306,39.279501 -76.605786,39.279008 -76.605688,39.278707 -76.603988,39.278807 -76.603686,39.277906 -76.6034,39.277715 -76.605784,39.277507 -76.605588,39.277307 -76.603445,39.277487 -76.604488,39.277307 -76.604388,39.276607 -76.603093,39.276707 -76.604288,39.276207 -76.602518,39.276204 -76.604188,39.276007 -76.604288,39.275607 -76.601718,39.275701 -76.603287,39.275407 -76.603188,39.275007 -76.601589,39.275207 -76.601887,39.274808 -76.601181,39.274512 -76.600788,39.274807 -76.600388,39.274507 -76.599888,39.275007 -76.600088,39.274407 -76.599388,39.274206 -76.599688,39.273408 -76.598901,39.27321 -76.598393,39.273899 -76.597888,39.273907 -76.597588,39.274307 -76.597297,39.27421 -76.597588,39.273607 -76.597288,39.273407 -76.596588,39.274507 -76.596782,39.274604 -76.596388,39.274807 -76.596088,39.275207 -76.594388,39.275807 -76.594187,39.275507 -76.593294,39.275507 -76.593294,39.273004 -76.607051,39.273004 -76.60296,39.282488 -76.593294,39.282488 -76.593294,39.280304 -76.593488,39.280207 -76.593488,39.279509 -76.594487,39.280306 -76.594188,39.279607 -76.595088,39.280007 -76.594188,39.279207 -76.594799,39.279113 -76.595488,39.279507 -76.596088,39.279007 -76.596588,39.279207 -76.596788,39.278407 -76.598988,39.278707 -76.600588,39.279707 -76.600588,39.280807 -76.600288,39.281607 -76.599088,39.281607 -76.599088,39.282107 -76.600888,39.282207 -76.601888,39.282107 -76.601688,39.281107 -76.602188,39.281008 -76.602188,39.281907 -76.602694,39.282116 -76.60296,39.282488
MD|Baltimore City|261|-76.583645,39.307934 -76.583645,39.30113 -76.593294,39.30113 -76.593294,39.307934 -76.583645,39.307934
MD|Baltimore City|262|-76.583645,39.30113 -76.583645,39.294327 -76.593294,39.294327 -76.593294,39.30113 -76.583645,39.30113
MD|Baltimore City|263|-76.583645,39.307934 -76.578821,39.307934 -76.578821,39.294327 -76.583645,39.294327 -76.583645,39.307934
MD|Baltimore City|264|-76.569172,39.307934 -76.569172,39.30113 -76.578821,39.30113 -76.578821,39.307934 -76.569172,39.307934
MD|Baltimore City|265|-76.569172,39.30113 -76.569172,39.294327 -76.578821,39.294327 -76.578821,39.30113 -76.569172,39.30113
MD|Baltimore City|266|-76.57983,39.294327 -76.57983,39.289452 -76.593294,39.289452 -76.593294,39.294327 -76.57983,39.294327
MD|Baltimore City|267|-76.57983,39.289452 -76.57983,39.284576 -76.593294,39.284576 -76.593294,39.289452 -76.57983,39.289452
MD|Baltimore City|268|-76.585439,39.273004 -76.58583,39.273004 -76.585588,39.273407 -76.585288,39.273307 -76.585439,39.273004 -76.586859,39.273004 -76.589037,39.273004 -76.587988,39.275007 -76.587388,39.274707 -76.588085,39.273206 -76.587688,39.273107 -76.586878,39.274201 -76.586388,39.273907 -76.586859,39.273004 -76.593294,39.273004 -76.593294,39.275507 -76.593188,39.275507 -76.592488,39.276406 -76.592888,39.275308 -76.592688,39.275307 -76.591788,39.276207 -76.590688,39.276007 -76.590678,39.275703 -76.590188,39.275507 -76.589888,39.275807 -76.589089,39.275707 -76.589488,39.275007 -76.588988,39.274908 -76.588788,39.275307 -76.588488,39.275207 -76.589388,39.273307 -76.589161,39.273004 -76.593294,39.273004 -76.593294,39.284576 -76.57983,39.284576 -76.57983,39.277203 -76.579987,39.277307 -76.579888,39.277607 -76.580481,39.277904 -76.580087,39.278807 -76.580387,39.279108 -76.580287,39.279607 -76.580587,39.279807 -76.581387,39.279607 -76.581787,39.279807 -76.581388,39.280208 -76.581787,39.280407 -76.582186,39.280207 -76.582087,39.280707 -76.582487,39.280607 -76.582987,39.280809 -76.582787,39.281107 -76.583388,39.281407 -76.583688,39.281107 -76.584288,39.281107 -76.584788,39.281507 -76.584388,39.281907 -76.584888,39.282307 -76.585288,39.281907 -76.585588,39.281908 -76.58519,39.282504 -76.585588,39.282707 -76.585988,39.282307 -76.586988,39.282807 -76.587187,39.283405 -76.587288,39.282707 -76.587588,39.282707 -76.587688,39.283206 -76.588186,39.283207 -76.588088,39.282907 -76.588686,39.282807 -76.588088,39.282507 -76.588088,39.282209 -76.588887,39.282107 -76.588288,39.281907 -76.588688,39.281507 -76.587588,39.281507 -76.587596,39.281104 -76.588186,39.280908 -76.587288,39.279607 -76.587688,39.279107 -76.588788,39.278907 -76.590288,39.280007 -76.590888,39.279707 -76.591385,39.28001 -76.590888,39.280507 -76.591288,39.281107 -76.591388,39.281707 -76.591788,39.281707 -76.591888,39.280307 -76.592288,39.280307 -76.592488,39.281607 -76.592988,39.281607 -76.592888,39.280309 -76.593088,39.280407 -76.593294,39.280304 -76.593294,39.284576
MD|Baltimore City|269|-76.569172,39.294327 -76.569172,39.288168 -76.57983,39.288168 -76.57983,39.294327 -76.569172,39.294327
MD|Baltimore City|270|-76.569172,39.288168 -76.569172,39.28201 -76.57983,39.28201 -76.57983,39.288168 -76.569172,39.288168
MD|Baltimore City|271|-76.569172,39.28201 -76.569172,39.273004 -76.571628,39.273004 -76.571187,39.274507 -76.572585,39.274507 -76.570894,39.274808 -76.572687,39.275007 -76.571136,39.276129 -76.571138,39.276528 -76.575684,39.276907 -76.576087,39.276207 -76.576885,39.276905 -76.577587,39.276107 -76.578686,39.277006 -76.579497,39.276514 -76.579786,39.276708 -76.578995,39.277499 -76.579687,39.277107 -76.57983,39.277203 -76.57983,39.28201 -76.569172,39.28201
MD|Baltimore City|272|-76.561655,39.307934 -76.561655,39.299201 -76.569172,39.299201 -76.569172,39.307934 -76.561655,39.307934
MD|Baltimore City|273|-76.561655,39.299201 -76.561655,39.290469 -76.569172,39.290469 -76.569172,39.299201 -76.561655,39.299201
MD|Baltimore City|274|-76.550379,39.307934 -76.550379,39.302112 -76.561655,39.302112 -76.561655,39.307934 -76.550379,39.307934
MD|Baltimore City|275|-76.550379,39.302112 -76.550379,39.296291 -76.561655,39.296291 -76.561655,39.302112 -76.550379,39.302112
MD|Baltimore City|276|-76.550379,39.296291 -76.550379,39.290469 -76.561655,39.290469 -76.561655,39.296291 -76.550379,39.296291
MD|Baltimore City|277|-76.561655,39.290469 -76.561655,39.281737 -76.569172,39.281737 -76.569172,39.290469 -76.561655,39.290469
MD|Baltimore City|278|-76.561655,39.281737 -76.561655,39.273004 -76.569172,39.273004 -76.569172,39.281737 -76.561655,39.281737
MD|Baltimore City|279|-76.550379,39.290469 -76.550379,39.284647 -76.561655,39.284647 -76.561655,39.290469 -76.550379,39.290469
MD|Baltimore City|280|-76.550379,39.284647 -76.550379,39.278826 -76.561655,39.278826 -76.561655,39.284647 -76.550379,39.284647
MD|Baltimore City|281|-76.550379,39.278826 -76.550379,39.273004 -76.561655,39.273004 -76.561655,39.278826 -76.550379,39.278826
MD|Baltimore City|282|-76.542098,39.307934 -76.542098,39.300006 -76.550379,39.300006 -76.550379,39.307934 -76.542098,39.307934
MD|Baltimore City|283|-76.542098,39.300006 -76.542098,39.292079 -76.550379,39.292079 -76.550379,39.300006 -76.542098,39.300006
MD|Baltimore City|284|-76.52978,39.307934 -76.529786,39.305707 -76.529605,39.302625 -76.542098,39.302625 -76.542098,39.307934 -76.52978,39.307934
MD|Baltimore City|285|-76.535873,39.302625 -76.535873,39.292079 -76.542098,39.292079 -76.542098,39.302625 -76.535873,39.302625
MD|Baltimore City|286|-76.529605,39.302625 -76.529586,39.302307 -76.529786,39.298707 -76.529587,39.298208 -76.529486,39.296707 -76.529786,39.292707 -76.52977,39.292079 -76.535873,39.292079 -76.535873,39.302625 -76.529605,39.302625
MD|Baltimore City|287|-76.540054,39.292079 -76.540054,39.285721 -76.550379,39.285721 -76.550379,39.292079 -76.540054,39.292079
MD|Baltimore City|288|-76.540054,39.285721 -76.540054,39.279363 -76.550379,39.279363 -76.550379,39.285721 -76.540054,39.285721
MD|Baltimore City|289|-76.540054,39.279363 -76.540054,39.273004 -76.550379,39.273004 -76.550379,39.279363 -76.540054,39.279363
MD|Baltimore City|290|-76.52977,39.292079 -76.529607,39.285747 -76.540054,39.285747 -76.540054,39.292079 -76.52977,39.292079
MD|Baltimore City|291|-76.529607,39.285747 -76.529585,39.284907 -76.529785,39.282207 -76.529785,39.279396 -76.540054,39.279396 -76.540054,39.285747 -76.529607,39.285747
MD|Baltimore City|292|-76.529785,39.279396 -76.529785,39.273004 -76.540054,39.273004 -76.540054,39.279396 -76.529785,39.279396
MD|Baltimore City|293|-76.614628,39.273004 -76.605131,39.273004 -76.605131,39.266092 -76.614628,39.266092 -76.614628,39.273004
MD|Baltimore City|294|-76.605131,39.273004 -76.595635,39.273004 -76.595635,39.266092 -76.605131,39.266092 -76.605131,39.273004
MD|Baltimore City|295|-76.614628,39.266092 -76.595635,39.266092 -76.595635,39.264587 -76.596086,39.26391 -76.597385,39.264007 -76.597189,39.263609 -76.600286,39.264207 -76.598689,39.262109 -76.599289,39.261808 -76.602588,39.265907 -76.603588,39.265107 -76.602988,39.264607 -76.603188,39.264407 -76.602488,39.263807 -76.602688,39.263607 -76.604088,39.264707 -76.604187,39.264508 -76.600789,39.261708 -76.601086,39.261509 -76.604488,39.264207 -76.604886,39.264008 -76.602589,39.262108 -76.602988,39.261707 -76.605388,39.263607 -76.605588,39.263407 -76.603489,39.261708 -76.603688,39.261607 -76.605988,39.263207 -76.606788,39.262407 -76.606589,39.262109 -76.607488,39.262307 -76.607988,39.262007 -76.606951,39.261221 -76.614628,39.261221 -76.614628,39.266092
MD|Baltimore City|296|-76.614628,39.254767 -76.612988,39.252307 -76.612788,39.250607 -76.611092,39.248005 -76.61134,39.247881 -76.612988,39.247207 -76.614543,39.243461 -76.614628,39.243461 -76.614628,39.254767 -76.602642,39.243461 -76.604678,39.243461 -76.604787,39.243607 -76.603488,39.243807 -76.602188,39.245606 -76.602988,39.243807 -76.602642,39.243461 -76.607948,39.243461 -76.612599,39.243461 -76.612088,39.246307 -76.61099,39.246798 -76.609093,39.246707 -76.607948,39.243461 -76.595635,39.243934 -76.595635,39.243461 -76.601163,39.243461 -76.600994,39.243819 -76.601688,39.244807 -76.599688,39.247407 -76.598988,39.247607 -76.598188,39.248307 -76.598088,39.247607 -76.598588,39.247107 -76.598688,39.246408 -76.597588,39.246507 -76.598786,39.245009 -76.595888,39.243807 -76.595635,39.243934 -76.614628,39.261221 -76.606951,39.261221 -76.604688,39.259507 -76.604788,39.259307 -76.605488,39.259707 -76.605988,39.259707 -76.606588,39.259207 -76.605988,39.258707 -76.606188,39.258607 -76.606988,39.259107 -76.607388,39.259107 -76.610188,39.255607 -76.610088,39.257507 -76.610988,39.258207 -76.611888,39.258307 -76.612888,39.259407 -76.613088,39.260407 -76.613588,39.260907 -76.61409,39.261007 -76.614587,39.260808 -76.614628,39.260718 -76.614628,39.261221
MD|Baltimore City|297|-76.614543,39.243461 -76.614628,39.243256 -76.614628,39.243461 -76.614543,39.243461 -76.595635,39.243461 -76.595635,39.239589 -76.614628,39.239589 -76.614628,39.2402 -76.614388,39.240407 -76.614288,39.240907 -76.612788,39.242407 -76.612599,39.243461 -76.607948,39.243461 -76.607789,39.243011 -76.605888,39.243407 -76.605588,39.243007 -76.605588,39.242207 -76.604688,39.241807 -76.603488,39.241907 -76.603587,39.242895 -76.604488,39.243207 -76.604678,39.243461 -76.602642,39.243461 -76.602088,39.242907 -76.601888,39.242407 -76.601189,39.243108 -76.601687,39.243407 -76.601188,39.243407 -76.601163,39.243461 -76.595635,39.243461
MD|Baltimore City|298|-76.595635,39.264587 -76.595635,39.273004 -76.589161,39.273004 -76.589088,39.272907 -76.589037,39.273004 -76.588397,39.273004 -76.588397,39.263558 -76.590952,39.263558 -76.591184,39.263803 -76.590988,39.264307 -76.591188,39.264406 -76.591641,39.263558 -76.59191,39.263558 -76.591889,39.263607 -76.593288,39.264207 -76.593666,39.263558 -76.594062,39.263558 -76.593688,39.264307 -76.595488,39.264807 -76.595635,39.264587
MD|Baltimore City|299|-76.588397,39.273004 -76.586859,39.273004 -76.587588,39.271608 -76.586788,39.271407 -76.58583,39.273004 -76.585439,39.273004 -76.586588,39.270708 -76.586087,39.270507 -76.584786,39.272706 -76.584287,39.272507 -76.585287,39.270307 -76.584787,39.270107 -76.583588,39.272005 -76.583387,39.271807 -76.584387,39.270007 -76.583887,39.269707 -76.582887,39.271507 -76.582587,39.271307 -76.583487,39.269607 -76.583391,39.269511 -76.582987,39.269907 -76.583587,39.268707 -76.583087,39.268207 -76.581587,39.270607 -76.581087,39.270307 -76.582687,39.267507 -76.582287,39.267407 -76.580887,39.269607 -76.580487,39.269407 -76.580487,39.268907 -76.580087,39.268807 -76.580087,39.268107 -76.579687,39.267507 -76.579987,39.267008 -76.579787,39.266807 -76.579487,39.267007 -76.579087,39.266407 -76.578699,39.266601 -76.578587,39.265907 -76.577987,39.265707 -76.577587,39.264008 -76.577937,39.263558 -76.583024,39.263558 -76.583887,39.264007 -76.584486,39.263807 -76.584736,39.263558 -76.588397,39.263558 -76.588397,39.273004
MD|Baltimore City|300|-76.585907,39.245877 -76.591773,39.245877 -76.591687,39.247407 -76.591288,39.247607 -76.591687,39.247607 -76.592686,39.249108 -76.591987,39.249907 -76.590918,39.250291 -76.591387,39.249907 -76.591287,39.249509 -76.591477,39.249412 -76.591187,39.248207 -76.590587,39.248007 -76.589687,39.248307 -76.588687,39.248007 -76.588289,39.248413 -76.588687,39.249507 -76.589487,39.250307 -76.589981,39.250507 -76.588787,39.250507 -76.588387,39.250907 -76.587687,39.249507 -76.586887,39.250607 -76.586187,39.250407 -76.586587,39.247607 -76.586986,39.247407 -76.585907,39.245877 -76.573839,39.245877 -76.58544,39.245877 -76.584288,39.246408 -76.584687,39.246907 -76.585385,39.246809 -76.584087,39.247907 -76.583887,39.248307 -76.583087,39.248807 -76.582987,39.249507 -76.581187,39.251707 -76.580987,39.251607 -76.582287,39.249708 -76.582094,39.249514 -76.580887,39.251207 -76.580687,39.251207 -76.581887,39.249507 -76.581598,39.249411 -76.580094,39.250897 -76.581287,39.249207 -76.580587,39.249507 -76.578887,39.250907 -76.578287,39.250207 -76.578984,39.249111 -76.577987,39.249907 -76.577487,39.249907 -76.578287,39.248807 -76.577687,39.248507 -76.576586,39.249906 -76.576188,39.249508 -76.577284,39.248311 -76.575887,39.247807 -76.575687,39.247407 -76.575186,39.247308 -76.574686,39.248007 -76.574387,39.247907 -76.574787,39.247207 -76.573839,39.246674 -76.573839,39.245877 -76.59191,39.263558 -76.591641,39.263558 -76.591988,39.262907 -76.592188,39.262907 -76.59191,39.263558 -76.594062,39.263558 -76.593666,39.263558 -76.593987,39.263009 -76.594287,39.263108 -76.594062,39.263558 -76.583024,39.263558 -76.577937,39.263558 -76.579687,39.261307 -76.581387,39.262707 -76.583024,39.263558 -76.590952,39.263558 -76.584736,39.263558 -76.586187,39.262109 -76.586187,39.262407 -76.58709,39.262602 -76.587987,39.261107 -76.588586,39.261209 -76.587687,39.262907 -76.588087,39.262907 -76.589388,39.261907 -76.590952,39.263558
MD|Baltimore City|301|-76.584278,39.245877 -76.584278,39.239589 -76.595635,39.239589 -76.595635,39.243934 -76.594489,39.244508 -76.594788,39.244707 -76.593287,39.245706 -76.593787,39.244211 -76.591891,39.243808 -76.591773,39.245877 -76.585907,39.245877 -76.585793,39.245715 -76.58544,39.245877 -76.584278,39.245877
MD|Baltimore City|302|-76.573839,39.239589 -76.584278,39.239589 -76.584278,39.245877 -76.573839,39.245877 -76.573839,39.239589
MD|Baltimore City|303|-76.614628,39.239589 -76.602488,39.239589 -76.602488,39.233929 -76.611221,39.233929 -76.611788,39.234307 -76.614628,39.235637 -76.614628,39.239589
MD|Baltimore City|304|-76.602488,39.239589 -76.590891,39.239589 -76.590891,39.233929 -76.602488,39.233929 -76.602488,39.239589
MD|Baltimore City|305|-76.611221,39.233929 -76.599489,39.233929 -76.599489,39.222674 -76.600488,39.223607 -76.610888,39.233707 -76.611221,39.233929
MD|Baltimore City|306|-76.590891,39.233929 -76.590891,39.226294 -76.599489,39.226294 -76.599489,39.233929 -76.590891,39.233929
MD|Baltimore City|307|-76.590891,39.226294 -76.590891,39.214646 -76.599489,39.222674 -76.599489,39.226294 -76.590891,39.226294
MD|Baltimore City|308|-76.590891,39.239589 -76.585341,39.239589 -76.585341,39.227761 -76.590891,39.227761 -76.590891,39.239589
MD|Baltimore City|309|-76.585341,39.239589 -76.573839,39.239589 -76.573839,39.233882 -76.585341,39.233882 -76.585341,39.239589
MD|Baltimore City|310|-76.585341,39.233882 -76.573839,39.233882 -76.573839,39.227761 -76.578804,39.227761 -76.578787,39.227807 -76.580487,39.231307 -76.581587,39.231607 -76.582287,39.231607 -76.582087,39.230707 -76.581087,39.230507 -76.580787,39.230607 -76.580387,39.229007 -76.581487,39.229207 -76.581987,39.229107 -76.580087,39.228707 -76.580357,39.227761 -76.585341,39.227761 -76.585341,39.233882
MD|Baltimore City|311|-76.578804,39.227761 -76.573839,39.227761 -76.573839,39.226651 -76.576687,39.225807 -76.579087,39.227007 -76.578804,39.227761 -76.590891,39.227761 -76.580357,39.227761 -76.580487,39.227307 -76.581587,39.226907 -76.579987,39.225507 -76.579987,39.223607 -76.577787,39.223207 -76.579887,39.222907 -76.579416,39.222358 -76.590891,39.222358 -76.590891,39.227761
MD|Baltimore City|312|-76.579416,39.222358 -76.579287,39.222207 -76.576687,39.221707 -76.579087,39.221707 -76.576287,39.221007 -76.579087,39.221007 -76.577587,39.220707 -76.578987,39.220507 -76.578687,39.220007 -76.578787,39.218907 -76.579887,39.218907 -76.579161,39.216927 -76.590891,39.216927 -76.590891,39.222358 -76.579416,39.222358 -76.573839,39.218236 -76.573839,39.218008 -76.573987,39.218107 -76.573839,39.218236
MD|Baltimore City|313|-76.590891,39.216927 -76.579161,39.216927 -76.578787,39.215907 -76.579287,39.215807 -76.581087,39.216507 -76.580987,39.215807 -76.581487,39.215507 -76.583787,39.215407 -76.584787,39.214907 -76.586487,39.214707 -76.587487,39.214107 -76.588487,39.213907 -76.589071,39.213031 -76.588561,39.212521 -76.587687,39.212707 -76.587887,39.213107 -76.587387,39.213307 -76.584787,39.213507 -76.582987,39.214207 -76.580887,39.213607 -76.580787,39.213107 -76.581387,39.211707 -76.582187,39.210807 -76.581887,39.210407 -76.582087,39.209907 -76.583587,39.209507 -76.583286,39.208205 -76.58328,39.207405 -76.584187,39.207607 -76.585387,39.209507 -76.590891,39.214646 -76.590891,39.216927 -76.573839,39.212827 -76.573839,39.212795 -76.573887,39.212807 -76.573839,39.212827 -76.573839,39.213653 -76.573839,39.213358 -76.574487,39.213607 -76.573839,39.213653 -76.573839,39.20917 -76.573839,39.204597 -76.577786,39.205708 -76.577793,39.205713 -76.579787,39.207008 -76.578387,39.208308 -76.574987,39.207908 -76.573839,39.20917
MD|Baltimore City|314|-76.571628,39.273004 -76.558694,39.273004 -76.558694,39.267676 -76.569187,39.267676 -76.569187,39.267807 -76.572787,39.267807 -76.572887,39.268507 -76.569287,39.268708 -76.569387,39.269207 -76.569887,39.269308 -76.569687,39.269707 -76.572287,39.269707 -76.572287,39.270107 -76.570487,39.270107 -76.569289,39.270307 -76.570587,39.270507 -76.571987,39.270509 -76.571887,39.270907 -76.570587,39.271007 -76.570587,39.271207 -76.571684,39.271208 -76.570589,39.271407 -76.571857,39.271605 -76.570687,39.271608 -76.570687,39.272007 -76.571947,39.272012 -76.570687,39.272307 -76.570687,39.272707 -76.571686,39.272807 -76.571628,39.273004
MD|Baltimore City|315|-76.558694,39.273004 -76.546374,39.273004 -76.546374,39.267676 -76.558694,39.267676 -76.558694,39.273004
MD|Baltimore City|316|-76.570844,39.245187 -76.573839,39.245187 -76.573839,39.246674 -76.573187,39.246307 -76.571587,39.248007 -76.571288,39.247807 -76.572887,39.246007 -76.572487,39.245707 -76.570889,39.247105 -76.571987,39.245707 -76.571194,39.245311 -76.569215,39.246389 -76.570844,39.245187 -76.563441,39.267676 -76.563441,39.256407 -76.563586,39.256407 -76.563786,39.258807 -76.564486,39.258907 -76.564686,39.256808 -76.565087,39.260106 -76.566387,39.258407 -76.566587,39.259507 -76.567287,39.259507 -76.567487,39.259807 -76.568287,39.260007 -76.568987,39.259407 -76.56909,39.26 -76.569787,39.259807 -76.570187,39.260607 -76.571687,39.262007 -76.571487,39.262407 -76.571887,39.262607 -76.571987,39.263507 -76.571587,39.263607 -76.571387,39.263907 -76.571987,39.263807 -76.571887,39.264007 -76.571187,39.264009 -76.571187,39.264307 -76.57168,39.264507 -76.570187,39.264507 -76.569018,39.264802 -76.572087,39.264707 -76.572087,39.265107 -76.569185,39.265217 -76.569087,39.265707 -76.571487,39.265608 -76.571586,39.265907 -76.570187,39.265907 -76.569687,39.266107 -76.571685,39.266908 -76.569187,39.267507 -76.569187,39.267676 -76.563441,39.267676
MD|Baltimore City|317|-76.555707,39.267676 -76.555707,39.257916 -76.556385,39.261404 -76.556786,39.257909 -76.556986,39.261207 -76.558684,39.261307 -76.558586,39.257007 -76.560286,39.257407 -76.560586,39.261303 -76.560885,39.258521 -76.562586,39.261207 -76.562586,39.258707 -76.562786,39.256407 -76.563441,39.256407 -76.563441,39.267676 -76.555707,39.267676
MD|Baltimore City|318|-76.546374,39.267676 -76.546374,39.260244 -76.547489,39.260907 -76.554286,39.260807 -76.554386,39.260007 -76.555486,39.259607 -76.555686,39.257809 -76.555707,39.257916 -76.555707,39.267676 -76.546374,39.267676
MD|Baltimore City|319|-76.538106,39.266809 -76.538106,39.264765 -76.539686,39.264765 -76.539685,39.266602 -76.538286,39.266907 -76.538106,39.266809 -76.546374,39.273004 -76.538106,39.273004 -76.538106,39.267702 -76.539686,39.267307 -76.540486,39.265507 -76.540486,39.264765 -76.546374,39.264765 -76.546374,39.273004
MD|Baltimore City|320|-76.538106,39.273004 -76.529785,39.273004 -76.529785,39.264765 -76.538106,39.264765 -76.538106,39.266809 -76.537185,39.266307 -76.535585,39.266807 -76.533985,39.266107 -76.533485,39.266207 -76.533485,39.266507 -76.538086,39.267707 -76.538106,39.267702 -76.538106,39.273004
MD|Baltimore City|321|-76.540486,39.264765 -76.540486,39.262907 -76.537479,39.260351 -76.546374,39.260351 -76.546374,39.264765 -76.540486,39.264765 -76.529785,39.264765 -76.529785,39.260351 -76.534754,39.260351 -76.534685,39.260507 -76.536285,39.261107 -76.539686,39.263807 -76.539686,39.264765 -76.529785,39.264765
MD|Baltimore City|322|-76.537479,39.260351 -76.536485,39.259507 -76.536228,39.258735 -76.538685,39.253607 -76.541384,39.254107 -76.540086,39.256507 -76.546374,39.260244 -76.546374,39.260351 -76.537479,39.260351 -76.534025,39.260351 -76.534025,39.245187 -76.538448,39.245187 -76.538685,39.245408 -76.537885,39.247207 -76.537685,39.248907 -76.536285,39.252107 -76.534285,39.255807 -76.534885,39.256007 -76.534585,39.257907 -76.534843,39.258785 -76.535085,39.259607 -76.534754,39.260351 -76.534025,39.260351
MD|Baltimore City|323|-76.529785,39.260351 -76.529785,39.252607 -76.529485,39.247307 -76.529558,39.245187 -76.534025,39.245187 -76.534025,39.260351 -76.529785,39.260351
MD|Baltimore City|324|-76.570844,39.245187 -76.57108,39.245012 -76.569887,39.243807 -76.569287,39.243807 -76.571082,39.243407 -76.569888,39.243407 -76.570885,39.242907 -76.569387,39.242907 -76.568986,39.241707 -76.569586,39.241208 -76.569387,39.240907 -76.567833,39.24174 -76.567833,39.2329 -76.573839,39.2329 -76.573839,39.245187 -76.570844,39.245187
MD|Baltimore City|325|-76.573839,39.226651 -76.573839,39.2329 -76.567833,39.2329 -76.567833,39.225457 -76.568186,39.225507 -76.568986,39.227007 -76.571287,39.227407 -76.573839,39.226651 -76.569386,39.216807 -76.568186,39.215407 -76.567833,39.215392 -76.567833,39.211497 -76.572214,39.211497 -76.573087,39.212607 -76.573839,39.212795 -76.573839,39.212827 -76.573187,39.213107 -76.573839,39.213358 -76.573839,39.213653 -76.573087,39.213707 -76.572987,39.214507 -76.572586,39.215207 -76.573787,39.215607 -76.572586,39.215507 -76.572487,39.217107 -76.573839,39.218008 -76.573839,39.218236 -76.573187,39.218807 -76.569386,39.216807
MD|Baltimore City|326|-76.567833,39.225457 -76.567833,39.24174 -76.566586,39.242407 -76.566286,39.241407 -76.567472,39.240316 -76.565586,39.241207 -76.564686,39.240007 -76.566886,39.238807 -76.564418,39.238997 -76.564418,39.224617 -76.567686,39.226207 -76.567486,39.225407 -76.567833,39.225457 -76.567833,39.215392 -76.564418,39.215247 -76.564418,39.211497 -76.567833,39.211497 -76.567833,39.215392
MD|Baltimore City|327|-76.564418,39.224617 -76.564418,39.238997 -76.564286,39.239007 -76.563185,39.237707 -76.561097,39.238746 -76.563686,39.237307 -76.561586,39.234807 -76.560286,39.235107 -76.560086,39.234308 -76.562786,39.233507 -76.562587,39.233308 -76.563984,39.232908 -76.563286,39.232407 -76.559786,39.232607 -76.560186,39.232107 -76.560086,39.231107 -76.562586,39.230307 -76.562286,39.227407 -76.564086,39.225007 -76.563986,39.224407 -76.564418,39.224617 -76.564418,39.215247 -76.563486,39.215207 -76.563286,39.214607 -76.558486,39.215607 -76.558286,39.215108 -76.554861,39.216234 -76.554861,39.211497 -76.564418,39.211497 -76.564418,39.215247
MD|Baltimore City|328|-76.538448,39.245187 -76.529558,39.245187 -76.529585,39.244407 -76.529385,39.244007 -76.529685,39.242907 -76.529485,39.241507 -76.529585,39.240507 -76.532485,39.239607 -76.538448,39.245187 -76.542088,39.211497 -76.544097,39.211497 -76.540385,39.213708 -76.540186,39.213509 -76.541885,39.212308 -76.542088,39.211497 -76.535341,39.211497 -76.538336,39.211497 -76.535085,39.213208 -76.534285,39.213208 -76.533788,39.212909 -76.535341,39.211497 -76.554861,39.211497 -76.554861,39.216234 -76.550986,39.217508 -76.549486,39.216708 -76.549186,39.213708 -76.548518,39.213319 -76.549886,39.213508 -76.550786,39.211808 -76.55035,39.211497 -76.554861,39.211497
MD|Baltimore City|329|-76.565614,39.211497 -76.565614,39.201803 -76.567093,39.202122 -76.569183,39.20311 -76.571388,39.203907 -76.573839,39.204597 -76.573839,39.20917 -76.571986,39.211207 -76.572214,39.211497 -76.565614,39.211497
MD|Baltimore City|330|-76.554005,39.211497 -76.554005,39.205842 -76.565614,39.205842 -76.565614,39.211497 -76.554005,39.211497
MD|Baltimore City|331|-76.554005,39.205842 -76.554005,39.198436 -76.563782,39.201408 -76.565614,39.201803 -76.565614,39.205842 -76.554005,39.205842
MD|Baltimore City|332|-76.549118,39.210616 -76.549118,39.198303 -76.550995,39.197521 -76.554005,39.198436 -76.554005,39.211497 -76.55035,39.211497 -76.549118,39.210616
MD|Baltimore City|333|-76.549118,39.210616 -76.548686,39.210308 -76.545429,39.210703 -76.544097,39.211497 -76.543184,39.211497 -76.543184,39.201509 -76.543185,39.201508 -76.546196,39.19952 -76.549118,39.198303 -76.549118,39.210616
