State,County,Original ID, polygon Point Coordinates
NA,NA,NA,,
TX,Camp,1,-95.151022,33.014471 -95.149796,33.015614 -95.147995,33.016911 -95.147797,33.018913 -95.146194,33.021511 -95.143097,33.023411 -95.140398,33.025574 -95.140398,33.014471 -95.151022,33.014471
TX,Camp,2,-95.140398,33.025574 -95.140099,33.025814 -95.138298,33.027813 -95.137398,33.03001 -95.1343,33.031311 -95.131798,33.030411 -95.131707,33.030502 -95.131707,33.022019 -95.140398,33.022019 -95.140398,33.025574
TX,Camp,3,-95.131707,33.022019 -95.131707,33.014471 -95.140398,33.014471 -95.140398,33.022019 -95.131707,33.022019
TX,Camp,4,-95.151022,33.014471 -95.144694,33.014471 -95.144694,33.004369 -95.151064,33.004369 -95.151299,33.006111 -95.150299,33.010612 -95.152695,33.012913 -95.151022,33.014471
TX,Camp,5,-95.144694,33.014471 -95.1382,33.014471 -95.1382,33.004369 -95.144694,33.004369 -95.144694,33.014471
TX,Camp,6,-95.1382,33.014471 -95.131707,33.014471 -95.131707,33.004369 -95.1382,33.004369 -95.1382,33.014471
TX,Camp,7,-95.124298,33.035412 -95.118498,33.03457 -95.118498,33.029201 -95.131707,33.029201 -95.131707,33.030502 -95.129494,33.032711 -95.127098,33.034512 -95.124298,33.035412
TX,Camp,8,-95.131707,33.029201 -95.125102,33.029201 -95.125102,33.019268 -95.131707,33.019268 -95.131707,33.029201
TX,Camp,9,-95.125102,33.029201 -95.118498,33.029201 -95.118498,33.019268 -95.125102,33.019268 -95.125102,33.029201
TX,Camp,10,-95.118498,33.019268 -95.118498,33.014302 -95.131707,33.014302 -95.131707,33.019268 -95.118498,33.019268
TX,Camp,11,-95.131707,33.014302 -95.125102,33.014302 -95.125102,33.004369 -95.131707,33.004369 -95.131707,33.014302
TX,Camp,12,-95.125102,33.014302 -95.118498,33.014302 -95.118498,33.004369 -95.125102,33.004369 -95.125102,33.014302
TX,Camp,13,-95.118498,33.03457 -95.118095,33.034512 -95.115593,33.034012 -95.113594,33.031914 -95.109993,33.031311 -95.107796,33.032413 -95.104294,33.033012 -95.103697,33.033467 -95.103697,33.028253 -95.118498,33.028253 -95.118498,33.03457
TX,Camp,14,-95.118498,33.028253 -95.111098,33.028253 -95.111098,33.019389 -95.118498,33.019389 -95.118498,33.028253
TX,Camp,15,-95.111098,33.028253 -95.103697,33.028253 -95.103697,33.019389 -95.111098,33.019389 -95.111098,33.028253
TX,Camp,16,-95.092293,33.040127 -95.092293,33.030894 -95.103697,33.030894 -95.103697,33.033467 -95.101799,33.034912 -95.098793,33.036011 -95.095993,33.037712 -95.093193,33.039112 -95.092293,33.040127
TX,Camp,17,-95.092293,33.030894 -95.092293,33.025141 -95.103697,33.025141 -95.103697,33.030894 -95.092293,33.030894
TX,Camp,18,-95.092293,33.025141 -95.092293,33.019389 -95.103697,33.019389 -95.103697,33.025141 -95.092293,33.025141
TX,Camp,19,-95.105396,33.019389 -95.105396,33.014382 -95.118498,33.014382 -95.118498,33.019389 -95.105396,33.019389
TX,Camp,20,-95.118498,33.014382 -95.111947,33.014382 -95.111947,33.004369 -95.118498,33.004369 -95.118498,33.014382
TX,Camp,21,-95.111947,33.014382 -95.105396,33.014382 -95.105396,33.004369 -95.111947,33.004369 -95.111947,33.014382
TX,Camp,22,-95.092293,33.019389 -95.092293,33.014382 -95.105396,33.014382 -95.105396,33.019389 -95.092293,33.019389
TX,Camp,23,-95.105396,33.014382 -95.098844,33.014382 -95.098844,33.004369 -95.105396,33.004369 -95.105396,33.014382
TX,Camp,24,-95.098844,33.014382 -95.092293,33.014382 -95.092293,33.004369 -95.098844,33.004369 -95.098844,33.014382
TX,Camp,25,-95.146328,33.004369 -95.146328,32.990605 -95.152199,32.990605 -95.152199,32.990612 -95.150398,32.999413 -95.151064,33.004369 -95.146328,33.004369
TX,Camp,26,-95.136796,33.004369 -95.136796,32.997487 -95.146328,32.997487 -95.146328,33.004369 -95.136796,33.004369
TX,Camp,27,-95.136796,32.997487 -95.136796,32.990605 -95.146328,32.990605 -95.146328,32.997487 -95.136796,32.997487
TX,Camp,28,-95.152217,32.977836 -95.152199,32.990605 -95.147071,32.990605 -95.147071,32.977836 -95.152217,32.977836
TX,Camp,29,-95.136796,32.990605 -95.136796,32.984221 -95.147071,32.984221 -95.147071,32.990605 -95.136796,32.990605
TX,Camp,30,-95.136796,32.984221 -95.136796,32.977836 -95.147071,32.977836 -95.147071,32.984221 -95.136796,32.984221
TX,Camp,31,-95.136796,33.004369 -95.131851,33.004369 -95.131851,32.991102 -95.136796,32.991102 -95.136796,33.004369
TX,Camp,32,-95.121962,33.004369 -95.121962,32.997736 -95.131851,32.997736 -95.131851,33.004369 -95.121962,33.004369
TX,Camp,33,-95.121962,32.997736 -95.121962,32.991102 -95.131851,32.991102 -95.131851,32.997736 -95.121962,32.997736
TX,Camp,34,-95.136796,32.991102 -95.131851,32.991102 -95.131851,32.977836 -95.136796,32.977836 -95.136796,32.991102
TX,Camp,35,-95.121962,32.991102 -95.121962,32.984469 -95.131851,32.984469 -95.131851,32.991102 -95.121962,32.991102
TX,Camp,36,-95.121962,32.984469 -95.121962,32.977836 -95.131851,32.977836 -95.131851,32.984469 -95.121962,32.984469
TX,Camp,37,-95.121962,33.004369 -95.117017,33.004369 -95.117017,32.991102 -95.121962,32.991102 -95.121962,33.004369
TX,Camp,38,-95.107127,33.004369 -95.107127,32.997736 -95.117017,32.997736 -95.117017,33.004369 -95.107127,33.004369
TX,Camp,39,-95.107127,32.997736 -95.107127,32.991102 -95.117017,32.991102 -95.117017,32.997736 -95.107127,32.997736
TX,Camp,40,-95.121962,32.991102 -95.117017,32.991102 -95.117017,32.977836 -95.121962,32.977836 -95.121962,32.991102
TX,Camp,41,-95.107127,32.991102 -95.107127,32.984469 -95.117017,32.984469 -95.117017,32.991102 -95.107127,32.991102
TX,Camp,42,-95.107127,32.984469 -95.107127,32.977836 -95.117017,32.977836 -95.117017,32.984469 -95.107127,32.984469
TX,Camp,43,-95.107127,33.004369 -95.102183,33.004369 -95.102183,32.991102 -95.107127,32.991102 -95.107127,33.004369
TX,Camp,44,-95.092293,33.004369 -95.092293,32.997736 -95.102183,32.997736 -95.102183,33.004369 -95.092293,33.004369
TX,Camp,45,-95.092293,32.997736 -95.092293,32.991102 -95.102183,32.991102 -95.102183,32.997736 -95.092293,32.997736
TX,Camp,46,-95.107127,32.991102 -95.102183,32.991102 -95.102183,32.977836 -95.107127,32.977836 -95.107127,32.991102
TX,Camp,47,-95.092293,32.991102 -95.092293,32.984469 -95.102183,32.984469 -95.102183,32.991102 -95.092293,32.991102
TX,Camp,48,-95.092293,32.984469 -95.092293,32.977836 -95.102183,32.977836 -95.102183,32.984469 -95.092293,32.984469
TX,Camp,49,-95.076151,33.052854 -95.076151,33.041836 -95.090751,33.041836 -95.081299,33.046513 -95.0793,33.048912 -95.078796,33.051613 -95.076151,33.052854
TX,Camp,50,-95.092293,33.040127 -95.090797,33.041813 -95.090751,33.041836 -95.084143,33.041836 -95.084143,33.033628 -95.092293,33.033628 -95.092293,33.040127
TX,Camp,51,-95.084143,33.041836 -95.076151,33.041836 -95.076151,33.033628 -95.084143,33.033628 -95.084143,33.041836
TX,Camp,52,-95.076151,33.052854 -95.0756,33.053112 -95.072197,33.053711 -95.069794,33.05471 -95.067993,33.054211 -95.066469,33.054808 -95.066469,33.047178 -95.076151,33.047178 -95.076151,33.052854
TX,Camp,53,-95.066469,33.047178 -95.066469,33.040403 -95.076151,33.040403 -95.076151,33.047178 -95.066469,33.047178
TX,Camp,54,-95.066469,33.040403 -95.066469,33.033628 -95.076151,33.033628 -95.076151,33.040403 -95.066469,33.040403
TX,Camp,55,-95.066469,33.054808 -95.065697,33.055111 -95.062599,33.054512 -95.057495,33.056614 -95.054695,33.058712 -95.053596,33.061813 -95.049964,33.062156 -95.049964,33.053501 -95.066469,33.053501 -95.066469,33.054808
TX,Camp,56,-95.066469,33.053501 -95.058216,33.053501 -95.058216,33.045552 -95.066469,33.045552 -95.066469,33.053501
TX,Camp,57,-95.058216,33.053501 -95.049964,33.053501 -95.049964,33.045552 -95.058216,33.045552 -95.058216,33.053501
TX,Camp,58,-95.066469,33.045552 -95.060967,33.045552 -95.060967,33.033628 -95.066469,33.033628 -95.066469,33.045552
TX,Camp,59,-95.049964,33.045552 -95.049964,33.03959 -95.060967,33.03959 -95.060967,33.045552 -95.049964,33.045552
TX,Camp,60,-95.049964,33.03959 -95.049964,33.033628 -95.060967,33.033628 -95.060967,33.03959 -95.049964,33.03959
TX,Camp,61,-95.081711,33.033628 -95.081711,33.027429 -95.092293,33.027429 -95.092293,33.033628 -95.081711,33.033628
TX,Camp,62,-95.081711,33.027429 -95.081711,33.02123 -95.092293,33.02123 -95.092293,33.027429 -95.081711,33.027429
TX,Camp,63,-95.081711,33.02123 -95.081711,33.01503 -95.092293,33.01503 -95.092293,33.02123 -95.081711,33.02123
TX,Camp,64,-95.071129,33.033628 -95.071129,33.027429 -95.081711,33.027429 -95.081711,33.033628 -95.071129,33.033628
TX,Camp,65,-95.071129,33.027429 -95.071129,33.02123 -95.081711,33.02123 -95.081711,33.027429 -95.071129,33.027429
TX,Camp,66,-95.071129,33.02123 -95.071129,33.01503 -95.081711,33.01503 -95.081711,33.02123 -95.071129,33.02123
TX,Camp,67,-95.060546,33.033628 -95.060546,33.027429 -95.071129,33.027429 -95.071129,33.033628 -95.060546,33.033628
TX,Camp,68,-95.060546,33.027429 -95.060546,33.02123 -95.071129,33.02123 -95.071129,33.027429 -95.060546,33.027429
TX,Camp,69,-95.060546,33.02123 -95.060546,33.01503 -95.071129,33.01503 -95.071129,33.02123 -95.060546,33.02123
TX,Camp,70,-95.049964,33.033628 -95.049964,33.027429 -95.060546,33.027429 -95.060546,33.033628 -95.049964,33.033628
TX,Camp,71,-95.049964,33.027429 -95.049964,33.02123 -95.060546,33.02123 -95.060546,33.027429 -95.049964,33.027429
TX,Camp,72,-95.049964,33.02123 -95.049964,33.01503 -95.060546,33.01503 -95.060546,33.02123 -95.049964,33.02123
TX,Camp,73,-95.081711,33.01503 -95.081711,33.008831 -95.092293,33.008831 -95.092293,33.01503 -95.081711,33.01503
TX,Camp,74,-95.081711,33.008831 -95.081711,33.002632 -95.092293,33.002632 -95.092293,33.008831 -95.081711,33.008831
TX,Camp,75,-95.081711,33.002632 -95.081711,32.996433 -95.092293,32.996433 -95.092293,33.002632 -95.081711,33.002632
TX,Camp,76,-95.081711,33.01503 -95.071129,33.01503 -95.071129,33.008831 -95.081711,33.008831 -95.081711,33.01503
TX,Camp,77,-95.071129,33.008831 -95.071129,33.002632 -95.081711,33.002632 -95.081711,33.008831 -95.071129,33.008831
TX,Camp,78,-95.071129,33.002632 -95.071129,32.996433 -95.081711,32.996433 -95.081711,33.002632 -95.071129,33.002632
TX,Camp,79,-95.081711,32.996433 -95.081711,32.990234 -95.092293,32.990234 -95.092293,32.996433 -95.081711,32.996433
TX,Camp,80,-95.081711,32.990234 -95.081711,32.984035 -95.092293,32.984035 -95.092293,32.990234 -95.081711,32.990234
TX,Camp,81,-95.081711,32.984035 -95.081711,32.977836 -95.092293,32.977836 -95.092293,32.984035 -95.081711,32.984035
TX,Camp,82,-95.071129,32.996433 -95.071129,32.990234 -95.081711,32.990234 -95.081711,32.996433 -95.071129,32.996433
TX,Camp,83,-95.071129,32.990234 -95.071129,32.984035 -95.081711,32.984035 -95.081711,32.990234 -95.071129,32.990234
TX,Camp,84,-95.071129,32.984035 -95.071129,32.977836 -95.081711,32.977836 -95.081711,32.984035 -95.071129,32.984035
TX,Camp,85,-95.060546,33.01503 -95.060546,33.008831 -95.071129,33.008831 -95.071129,33.01503 -95.060546,33.01503
TX,Camp,86,-95.060546,33.008831 -95.060546,33.002632 -95.071129,33.002632 -95.071129,33.008831 -95.060546,33.008831
TX,Camp,87,-95.060546,33.002632 -95.060546,32.996433 -95.071129,32.996433 -95.071129,33.002632 -95.060546,33.002632
TX,Camp,88,-95.049964,33.01503 -95.049964,33.008831 -95.060546,33.008831 -95.060546,33.01503 -95.049964,33.01503
TX,Camp,89,-95.049964,33.008831 -95.049964,33.002632 -95.060546,33.002632 -95.060546,33.008831 -95.049964,33.008831
TX,Camp,90,-95.049964,33.002632 -95.049964,32.996433 -95.060546,32.996433 -95.060546,33.002632 -95.049964,33.002632
TX,Camp,91,-95.060546,32.996433 -95.060546,32.990234 -95.071129,32.990234 -95.071129,32.996433 -95.060546,32.996433
TX,Camp,92,-95.060546,32.990234 -95.060546,32.984035 -95.071129,32.984035 -95.071129,32.990234 -95.060546,32.990234
TX,Camp,93,-95.060546,32.984035 -95.060546,32.977836 -95.071129,32.977836 -95.071129,32.984035 -95.060546,32.984035
TX,Camp,94,-95.049964,32.996433 -95.049964,32.990234 -95.060546,32.990234 -95.060546,32.996433 -95.049964,32.996433
TX,Camp,95,-95.049964,32.990234 -95.049964,32.984035 -95.060546,32.984035 -95.060546,32.990234 -95.049964,32.990234
TX,Camp,96,-95.049964,32.984035 -95.049964,32.977836 -95.060546,32.977836 -95.060546,32.984035 -95.049964,32.984035
TX,Camp,97,-95.041398,33.069753 -95.041398,33.058958 -95.049964,33.058958 -95.049964,33.062156 -95.048294,33.062313 -95.046799,33.064411 -95.047394,33.066811 -95.044197,33.068913 -95.041398,33.069753
TX,Camp,98,-95.03085,33.07253 -95.03085,33.065177 -95.041398,33.065177 -95.041398,33.069753 -95.041199,33.069813 -95.039093,33.071114 -95.036995,33.071613 -95.034996,33.071114 -95.0327,33.072212 -95.03085,33.07253
TX,Camp,99,-95.041398,33.065177 -95.03085,33.065177 -95.03085,33.058958 -95.041398,33.058958 -95.041398,33.065177
TX,Camp,100,-95.049964,33.058958 -95.043593,33.058958 -95.043593,33.048662 -95.049964,33.048662 -95.049964,33.058958
TX,Camp,101,-95.043593,33.058958 -95.037221,33.058958 -95.037221,33.048662 -95.043593,33.048662 -95.043593,33.058958
TX,Camp,102,-95.037221,33.058958 -95.03085,33.058958 -95.03085,33.048662 -95.037221,33.048662 -95.037221,33.058958
TX,Camp,103,-95.03085,33.07253 -95.029793,33.072712 -95.025255,33.073971 -95.025255,33.061482 -95.03085,33.061482 -95.03085,33.07253
TX,Camp,104,-95.0177,33.075314 -95.015499,33.075243 -95.015499,33.068206 -95.025255,33.068206 -95.025255,33.073971 -95.0215,33.075012 -95.0177,33.075314
TX,Camp,105,-95.015499,33.068206 -95.015499,33.061482 -95.025255,33.061482 -95.025255,33.068206 -95.015499,33.068206
TX,Camp,106,-95.03085,33.061482 -95.025733,33.061482 -95.025733,33.048662 -95.03085,33.048662 -95.03085,33.061482
TX,Camp,107,-95.015499,33.061482 -95.015499,33.055072 -95.025733,33.055072 -95.025733,33.061482 -95.015499,33.061482
TX,Camp,108,-95.015499,33.055072 -95.015499,33.048662 -95.025733,33.048662 -95.025733,33.055072 -95.015499,33.055072
TX,Camp,109,-95.049964,33.048662 -95.04422,33.048662 -95.04422,33.037241 -95.049964,33.037241 -95.049964,33.048662
TX,Camp,110,-95.04422,33.048662 -95.038476,33.048662 -95.038476,33.037241 -95.04422,33.037241 -95.04422,33.048662
TX,Camp,111,-95.038476,33.048662 -95.032732,33.048662 -95.032732,33.037241 -95.038476,33.037241 -95.038476,33.048662
TX,Camp,112,-95.049964,33.037241 -95.04422,33.037241 -95.04422,33.025821 -95.049964,33.025821 -95.049964,33.037241
TX,Camp,113,-95.04422,33.037241 -95.038476,33.037241 -95.038476,33.025821 -95.04422,33.025821 -95.04422,33.037241
TX,Camp,114,-95.038476,33.037241 -95.032732,33.037241 -95.032732,33.025821 -95.038476,33.025821 -95.038476,33.037241
TX,Camp,115,-95.032732,33.048662 -95.026987,33.048662 -95.026987,33.037241 -95.032732,33.037241 -95.032732,33.048662
TX,Camp,116,-95.026987,33.048662 -95.021243,33.048662 -95.021243,33.037241 -95.026987,33.037241 -95.026987,33.048662
TX,Camp,117,-95.021243,33.048662 -95.015499,33.048662 -95.015499,33.037241 -95.021243,33.037241 -95.021243,33.048662
TX,Camp,118,-95.032732,33.037241 -95.026987,33.037241 -95.026987,33.025821 -95.032732,33.025821 -95.032732,33.037241
TX,Camp,119,-95.026987,33.037241 -95.021243,33.037241 -95.021243,33.025821 -95.026987,33.025821 -95.026987,33.037241
TX,Camp,120,-95.021243,33.037241 -95.015499,33.037241 -95.015499,33.025821 -95.021243,33.025821 -95.021243,33.037241
TX,Camp,121,-95.015499,33.075243 -95.014496,33.075211 -95.010379,33.07423 -95.010379,33.062008 -95.015499,33.062008 -95.015499,33.075243
TX,Camp,122,-95.010379,33.07423 -95.0103,33.074211 -95.006393,33.071911 -95.002998,33.073914 -94.999298,33.075512 -94.999074,33.075426 -94.999074,33.06781 -95.010379,33.06781 -95.010379,33.07423
TX,Camp,123,-94.999074,33.06781 -94.999074,33.062008 -95.010379,33.062008 -95.010379,33.06781 -94.999074,33.06781
TX,Camp,124,-95.015499,33.050026 -95.015499,33.062008 -95.010024,33.062008 -95.010024,33.050026 -95.015499,33.050026
TX,Camp,125,-94.999074,33.062008 -94.999074,33.056017 -95.010024,33.056017 -95.010024,33.062008 -94.999074,33.062008
TX,Camp,126,-94.999074,33.056017 -94.999074,33.050026 -95.010024,33.050026 -95.010024,33.056017 -94.999074,33.056017
TX,Camp,127,-94.999074,33.075426 -94.995399,33.074013 -94.993699,33.073779 -94.993699,33.062252 -94.999074,33.062252 -94.999074,33.075426
TX,Camp,128,-94.993699,33.073779 -94.990295,33.073311 -94.987396,33.074211 -94.985298,33.076012 -94.982977,33.076426 -94.982977,33.068371 -94.993699,33.068371 -94.993699,33.073779
TX,Camp,129,-94.993699,33.068371 -94.982977,33.068371 -94.982977,33.062252 -94.993699,33.062252 -94.993699,33.068371
TX,Camp,130,-94.999074,33.062252 -94.993708,33.062252 -94.993708,33.050026 -94.999074,33.050026 -94.999074,33.062252
TX,Camp,131,-94.993708,33.062252 -94.982977,33.062252 -94.982977,33.056139 -94.993708,33.056139 -94.993708,33.062252
TX,Camp,132,-94.982977,33.056139 -94.982977,33.050026 -94.993708,33.050026 -94.993708,33.056139 -94.982977,33.056139
TX,Camp,133,-95.015499,33.050026 -95.010079,33.050026 -95.010079,33.037924 -95.015499,33.037924 -95.015499,33.050026
TX,Camp,134,-94.999238,33.050026 -94.999238,33.043975 -95.010079,33.043975 -95.010079,33.050026 -94.999238,33.050026
TX,Camp,135,-94.999238,33.043975 -94.999238,33.037924 -95.010079,33.037924 -95.010079,33.043975 -94.999238,33.043975
TX,Camp,136,-95.015499,33.037924 -95.010079,33.037924 -95.010079,33.025821 -95.015499,33.025821 -95.015499,33.037924
TX,Camp,137,-94.999238,33.037924 -94.999238,33.031872 -95.010079,33.031872 -95.010079,33.037924 -94.999238,33.037924
TX,Camp,138,-94.999238,33.031872 -94.999238,33.025821 -95.010079,33.025821 -95.010079,33.031872 -94.999238,33.031872
TX,Camp,139,-94.999238,33.050026 -94.993818,33.050026 -94.993818,33.037924 -94.999238,33.037924 -94.999238,33.050026
TX,Camp,140,-94.982977,33.050026 -94.982977,33.043975 -94.993818,33.043975 -94.993818,33.050026 -94.982977,33.050026
TX,Camp,141,-94.982977,33.043975 -94.982977,33.037924 -94.993818,33.037924 -94.993818,33.043975 -94.982977,33.043975
TX,Camp,142,-94.999238,33.037924 -94.993818,33.037924 -94.993818,33.025821 -94.999238,33.025821 -94.999238,33.037924
TX,Camp,143,-94.982977,33.037924 -94.982977,33.031872 -94.993818,33.031872 -94.993818,33.037924 -94.982977,33.037924
TX,Camp,144,-94.982977,33.031872 -94.982977,33.025821 -94.993818,33.025821 -94.993818,33.031872 -94.982977,33.031872
TX,Camp,145,-95.049964,33.025821 -95.044496,33.025821 -95.044496,33.013825 -95.049964,33.013825 -95.049964,33.025821
TX,Camp,146,-95.033559,33.025821 -95.033559,33.019823 -95.044496,33.019823 -95.044496,33.025821 -95.033559,33.025821
TX,Camp,147,-95.033559,33.019823 -95.033559,33.013825 -95.044496,33.013825 -95.044496,33.019823 -95.033559,33.019823
TX,Camp,148,-95.049964,33.013825 -95.044496,33.013825 -95.044496,33.001829 -95.049964,33.001829 -95.049964,33.013825
TX,Camp,149,-95.033559,33.013825 -95.033559,33.007827 -95.044496,33.007827 -95.044496,33.013825 -95.033559,33.013825
TX,Camp,150,-95.033559,33.007827 -95.033559,33.001829 -95.044496,33.001829 -95.044496,33.007827 -95.033559,33.007827
TX,Camp,151,-95.033559,33.025821 -95.028091,33.025821 -95.028091,33.013825 -95.033559,33.013825 -95.033559,33.025821
TX,Camp,152,-95.017154,33.025821 -95.017154,33.019823 -95.028091,33.019823 -95.028091,33.025821 -95.017154,33.025821
TX,Camp,153,-95.017154,33.019823 -95.017154,33.013825 -95.028091,33.013825 -95.028091,33.019823 -95.017154,33.019823
TX,Camp,154,-95.033559,33.013825 -95.028091,33.013825 -95.028091,33.001829 -95.033559,33.001829 -95.033559,33.013825
TX,Camp,155,-95.017154,33.013825 -95.017154,33.007827 -95.028091,33.007827 -95.028091,33.013825 -95.017154,33.013825
TX,Camp,156,-95.017154,33.007827 -95.017154,33.001829 -95.028091,33.001829 -95.028091,33.007827 -95.017154,33.007827
TX,Camp,157,-95.049964,33.001829 -95.044496,33.001829 -95.044496,32.989832 -95.049964,32.989832 -95.049964,33.001829
TX,Camp,158,-95.033559,33.001829 -95.033559,32.99583 -95.044496,32.99583 -95.044496,33.001829 -95.033559,33.001829
TX,Camp,159,-95.033559,32.99583 -95.033559,32.989832 -95.044496,32.989832 -95.044496,32.99583 -95.033559,32.99583
TX,Camp,160,-95.049964,32.989832 -95.044496,32.989832 -95.044496,32.977836 -95.049964,32.977836 -95.049964,32.989832
TX,Camp,161,-95.033559,32.989832 -95.033559,32.983834 -95.044496,32.983834 -95.044496,32.989832 -95.033559,32.989832
TX,Camp,162,-95.033559,32.983834 -95.033559,32.977836 -95.044496,32.977836 -95.044496,32.983834 -95.033559,32.983834
TX,Camp,163,-95.033559,33.001829 -95.028091,33.001829 -95.028091,32.989832 -95.033559,32.989832 -95.033559,33.001829
TX,Camp,164,-95.017154,33.001829 -95.017154,32.99583 -95.028091,32.99583 -95.028091,33.001829 -95.017154,33.001829
TX,Camp,165,-95.017154,32.99583 -95.017154,32.989832 -95.028091,32.989832 -95.028091,32.99583 -95.017154,32.99583
TX,Camp,166,-95.033559,32.989832 -95.028091,32.989832 -95.028091,32.977836 -95.033559,32.977836 -95.033559,32.989832
TX,Camp,167,-95.017154,32.989832 -95.017154,32.983834 -95.028091,32.983834 -95.028091,32.989832 -95.017154,32.989832
TX,Camp,168,-95.017154,32.983834 -95.017154,32.977836 -95.028091,32.977836 -95.028091,32.983834 -95.017154,32.983834
TX,Camp,169,-95.017154,33.025821 -95.011458,33.025821 -95.011458,33.014305 -95.017154,33.014305 -95.017154,33.025821
TX,Camp,170,-95.000066,33.025821 -95.000066,33.020063 -95.011458,33.020063 -95.011458,33.025821 -95.000066,33.025821
TX,Camp,171,-95.000066,33.020063 -95.000066,33.014305 -95.011458,33.014305 -95.011458,33.020063 -95.000066,33.020063
TX,Camp,172,-95.017154,33.014305 -95.011458,33.014305 -95.011458,33.002788 -95.017154,33.002788 -95.017154,33.014305
TX,Camp,173,-95.000066,33.014305 -95.000066,33.008546 -95.011458,33.008546 -95.011458,33.014305 -95.000066,33.014305
TX,Camp,174,-95.000066,33.008546 -95.000066,33.002788 -95.011458,33.002788 -95.011458,33.008546 -95.000066,33.008546
TX,Camp,175,-95.000066,33.025821 -94.994369,33.025821 -94.994369,33.014305 -95.000066,33.014305 -95.000066,33.025821
TX,Camp,176,-94.982977,33.025821 -94.982977,33.020063 -94.994369,33.020063 -94.994369,33.025821 -94.982977,33.025821
TX,Camp,177,-94.982977,33.020063 -94.982977,33.014305 -94.994369,33.014305 -94.994369,33.020063 -94.982977,33.020063
TX,Camp,178,-95.000066,33.014305 -94.994369,33.014305 -94.994369,33.002788 -95.000066,33.002788 -95.000066,33.014305
TX,Camp,179,-94.982977,33.014305 -94.982977,33.008546 -94.994369,33.008546 -94.994369,33.014305 -94.982977,33.014305
TX,Camp,180,-94.982977,33.008546 -94.982977,33.002788 -94.994369,33.002788 -94.994369,33.008546 -94.982977,33.008546
TX,Camp,181,-95.017154,33.002788 -95.011896,33.002788 -95.011896,32.990312 -95.017154,32.990312 -95.017154,33.002788
TX,Camp,182,-95.00138,33.002788 -95.00138,32.99655 -95.011896,32.99655 -95.011896,33.002788 -95.00138,33.002788
TX,Camp,183,-95.00138,32.99655 -95.00138,32.990312 -95.011896,32.990312 -95.011896,32.99655 -95.00138,32.99655
TX,Camp,184,-95.017154,32.990312 -95.011896,32.990312 -95.011896,32.977836 -95.017154,32.977836 -95.017154,32.990312
TX,Camp,185,-95.00138,32.990312 -95.00138,32.984074 -95.011896,32.984074 -95.011896,32.990312 -95.00138,32.990312
TX,Camp,186,-95.00138,32.984074 -95.00138,32.977836 -95.011896,32.977836 -95.011896,32.984074 -95.00138,32.984074
TX,Camp,187,-95.00138,33.002788 -94.995246,33.002788 -94.995246,32.992094 -95.00138,32.992094 -95.00138,33.002788
TX,Camp,188,-94.995246,33.002788 -94.989111,33.002788 -94.989111,32.992094 -94.995246,32.992094 -94.995246,33.002788
TX,Camp,189,-94.989111,33.002788 -94.982977,33.002788 -94.982977,32.992094 -94.989111,32.992094 -94.989111,33.002788
TX,Camp,190,-94.992179,32.992094 -94.992179,32.984965 -95.00138,32.984965 -95.00138,32.992094 -94.992179,32.992094
TX,Camp,191,-94.992179,32.984965 -94.992179,32.977836 -95.00138,32.977836 -95.00138,32.984965 -94.992179,32.984965
TX,Camp,192,-94.982977,32.992094 -94.982977,32.984965 -94.992179,32.984965 -94.992179,32.992094 -94.982977,32.992094
TX,Camp,193,-94.982977,32.984965 -94.982977,32.977836 -94.992179,32.977836 -94.992179,32.984965 -94.982977,32.984965
TX,Camp,194,-95.14178,32.977836 -95.14178,32.971553 -95.152226,32.971553 -95.152217,32.977836 -95.14178,32.977836
TX,Camp,195,-95.14178,32.971553 -95.14178,32.965275 -95.152235,32.965275 -95.152226,32.971553 -95.14178,32.971553
TX,Camp,196,-95.14178,32.965275 -95.14178,32.959003 -95.152244,32.959003 -95.152235,32.965275 -95.14178,32.965275
TX,Camp,197,-95.131331,32.977836 -95.131331,32.971558 -95.14178,32.971558 -95.14178,32.977836 -95.131331,32.977836
TX,Camp,198,-95.131331,32.971558 -95.131331,32.965281 -95.14178,32.965281 -95.14178,32.971558 -95.131331,32.971558
TX,Camp,199,-95.131331,32.965281 -95.131331,32.959003 -95.14178,32.959003 -95.14178,32.965281 -95.131331,32.965281
TX,Camp,200,-95.141794,32.959003 -95.141794,32.952728 -95.152253,32.952728 -95.152244,32.959003 -95.141794,32.959003
TX,Camp,201,-95.141794,32.952728 -95.141794,32.946459 -95.152262,32.946459 -95.152253,32.952728 -95.141794,32.952728
TX,Camp,202,-95.141794,32.946459 -95.141794,32.940195 -95.152271,32.940195 -95.152262,32.946459 -95.141794,32.946459
TX,Camp,203,-95.131331,32.959003 -95.131331,32.952734 -95.141794,32.952734 -95.141794,32.959003 -95.131331,32.959003
TX,Camp,204,-95.131331,32.952734 -95.131331,32.946464 -95.141794,32.946464 -95.141794,32.952734 -95.131331,32.952734
TX,Camp,205,-95.131331,32.946464 -95.131331,32.940195 -95.141794,32.940195 -95.141794,32.946464 -95.131331,32.946464
TX,Camp,206,-95.120874,32.977836 -95.120874,32.971562 -95.131331,32.971562 -95.131331,32.977836 -95.120874,32.977836
TX,Camp,207,-95.120874,32.971562 -95.120874,32.965289 -95.131331,32.965289 -95.131331,32.971562 -95.120874,32.971562
TX,Camp,208,-95.120874,32.965289 -95.120874,32.959015 -95.131331,32.959015 -95.131331,32.965289 -95.120874,32.965289
TX,Camp,209,-95.110417,32.977836 -95.110417,32.971562 -95.120874,32.971562 -95.120874,32.977836 -95.110417,32.977836
TX,Camp,210,-95.110417,32.971562 -95.110417,32.965289 -95.120874,32.965289 -95.120874,32.971562 -95.110417,32.971562
TX,Camp,211,-95.110417,32.965289 -95.110417,32.959015 -95.120874,32.959015 -95.120874,32.965289 -95.110417,32.965289
TX,Camp,212,-95.120874,32.959015 -95.120874,32.952742 -95.131331,32.952742 -95.131331,32.959015 -95.120874,32.959015
TX,Camp,213,-95.120874,32.952742 -95.120874,32.946468 -95.131331,32.946468 -95.131331,32.952742 -95.120874,32.952742
TX,Camp,214,-95.120874,32.946468 -95.120874,32.940195 -95.131331,32.940195 -95.131331,32.946468 -95.120874,32.946468
TX,Camp,215,-95.110417,32.959015 -95.110417,32.952742 -95.120874,32.952742 -95.120874,32.959015 -95.110417,32.959015
TX,Camp,216,-95.110417,32.952742 -95.110417,32.946468 -95.120874,32.946468 -95.120874,32.952742 -95.110417,32.952742
TX,Camp,217,-95.110417,32.946468 -95.110417,32.940195 -95.120874,32.940195 -95.120874,32.946468 -95.110417,32.946468
TX,Camp,218,-95.141825,32.940195 -95.141825,32.933917 -95.152279,32.933917 -95.152271,32.940195 -95.141825,32.940195
TX,Camp,219,-95.141825,32.933917 -95.141825,32.927645 -95.152288,32.927645 -95.152279,32.933917 -95.141825,32.933917
TX,Camp,220,-95.141825,32.927645 -95.141825,32.921378 -95.152297,32.921378 -95.152288,32.927645 -95.141825,32.927645
TX,Camp,221,-95.131366,32.940195 -95.131366,32.933923 -95.141825,32.933923 -95.141825,32.940195 -95.131366,32.940195
TX,Camp,222,-95.131366,32.933923 -95.131366,32.927651 -95.141825,32.927651 -95.141825,32.933923 -95.131366,32.933923
TX,Camp,223,-95.131366,32.927651 -95.131366,32.921378 -95.141825,32.921378 -95.141825,32.927651 -95.131366,32.927651
TX,Camp,224,-95.141804,32.921378 -95.141804,32.91511 -95.152236,32.91511 -95.152298,32.920914 -95.152297,32.921378 -95.141804,32.921378
TX,Camp,225,-95.141804,32.91511 -95.141804,32.908801 -95.152168,32.908801 -95.152236,32.91511 -95.141804,32.91511
TX,Camp,226,-95.141804,32.908801 -95.141804,32.902487 -95.1521,32.902412 -95.152168,32.908801 -95.141804,32.908801
TX,Camp,227,-95.131366,32.921378 -95.131366,32.915094 -95.141804,32.915094 -95.141804,32.921378 -95.131366,32.921378
TX,Camp,228,-95.131366,32.915094 -95.131366,32.90881 -95.141804,32.90881 -95.141804,32.915094 -95.131366,32.915094
TX,Camp,229,-95.131366,32.90881 -95.131366,32.902564 -95.141804,32.902487 -95.141804,32.90881 -95.131366,32.90881
TX,Camp,230,-95.120892,32.940195 -95.120892,32.933932 -95.131366,32.933932 -95.131366,32.940195 -95.120892,32.940195
TX,Camp,231,-95.120892,32.933932 -95.120892,32.927669 -95.131366,32.927669 -95.131366,32.933932 -95.120892,32.933932
TX,Camp,232,-95.120892,32.927669 -95.120892,32.921406 -95.131366,32.921406 -95.131366,32.927669 -95.120892,32.927669
TX,Camp,233,-95.110417,32.940195 -95.110417,32.933932 -95.120892,32.933932 -95.120892,32.940195 -95.110417,32.940195
TX,Camp,234,-95.110417,32.933932 -95.110417,32.927669 -95.120892,32.927669 -95.120892,32.933932 -95.110417,32.933932
TX,Camp,235,-95.110417,32.927669 -95.110417,32.921406 -95.120892,32.921406 -95.120892,32.927669 -95.110417,32.927669
TX,Camp,236,-95.120902,32.921406 -95.120902,32.915136 -95.131366,32.915136 -95.131366,32.921406 -95.120902,32.921406
TX,Camp,237,-95.120902,32.915136 -95.120902,32.908867 -95.131366,32.908867 -95.131366,32.915136 -95.120902,32.915136
TX,Camp,238,-95.120902,32.908867 -95.120902,32.902621 -95.124893,32.902611 -95.131366,32.902564 -95.131366,32.908867 -95.120902,32.908867
TX,Camp,239,-95.110417,32.921406 -95.110417,32.915149 -95.120902,32.915149 -95.120902,32.921406 -95.110417,32.921406
TX,Camp,240,-95.110417,32.915149 -95.110417,32.908892 -95.120902,32.908892 -95.120902,32.915149 -95.110417,32.915149
TX,Camp,241,-95.110417,32.908892 -95.110417,32.902648 -95.120902,32.902621 -95.120902,32.908892 -95.110417,32.908892
TX,Camp,242,-95.099724,32.977836 -95.099724,32.971701 -95.110417,32.971701 -95.110417,32.977836 -95.099724,32.977836
TX,Camp,243,-95.099724,32.971701 -95.099724,32.965567 -95.110417,32.965567 -95.110417,32.971701 -95.099724,32.971701
TX,Camp,244,-95.099724,32.965567 -95.099724,32.959432 -95.110417,32.959432 -95.110417,32.965567 -95.099724,32.965567
TX,Camp,245,-95.089031,32.977836 -95.089031,32.971701 -95.099724,32.971701 -95.099724,32.977836 -95.089031,32.977836
TX,Camp,246,-95.089031,32.971701 -95.089031,32.965567 -95.099724,32.965567 -95.099724,32.971701 -95.089031,32.971701
TX,Camp,247,-95.089031,32.965567 -95.089031,32.959432 -95.099724,32.959432 -95.099724,32.965567 -95.089031,32.965567
TX,Camp,248,-95.099724,32.959432 -95.099724,32.953297 -95.110417,32.953297 -95.110417,32.959432 -95.099724,32.959432
TX,Camp,249,-95.099724,32.953297 -95.099724,32.947162 -95.110417,32.947162 -95.110417,32.953297 -95.099724,32.953297
TX,Camp,250,-95.099724,32.947162 -95.099724,32.941028 -95.110417,32.941028 -95.110417,32.947162 -95.099724,32.947162
TX,Camp,251,-95.089031,32.959432 -95.089031,32.953297 -95.099724,32.953297 -95.099724,32.959432 -95.089031,32.959432
TX,Camp,252,-95.089031,32.953297 -95.089031,32.947162 -95.099724,32.947162 -95.099724,32.953297 -95.089031,32.953297
TX,Camp,253,-95.089031,32.947162 -95.089031,32.941028 -95.099724,32.941028 -95.099724,32.947162 -95.089031,32.947162
TX,Camp,254,-95.078338,32.977836 -95.078338,32.971701 -95.089031,32.971701 -95.089031,32.977836 -95.078338,32.977836
TX,Camp,255,-95.078338,32.971701 -95.078338,32.965567 -95.089031,32.965567 -95.089031,32.971701 -95.078338,32.971701
TX,Camp,256,-95.078338,32.965567 -95.078338,32.959432 -95.089031,32.959432 -95.089031,32.965567 -95.078338,32.965567
TX,Camp,257,-95.067644,32.977836 -95.067644,32.971701 -95.078338,32.971701 -95.078338,32.977836 -95.067644,32.977836
TX,Camp,258,-95.067644,32.971701 -95.067644,32.965567 -95.078338,32.965567 -95.078338,32.971701 -95.067644,32.971701
TX,Camp,259,-95.067644,32.965567 -95.067644,32.959432 -95.078338,32.959432 -95.078338,32.965567 -95.067644,32.965567
TX,Camp,260,-95.078338,32.959432 -95.078338,32.953297 -95.089031,32.953297 -95.089031,32.959432 -95.078338,32.959432
TX,Camp,261,-95.078338,32.953297 -95.078338,32.947162 -95.089031,32.947162 -95.089031,32.953297 -95.078338,32.953297
TX,Camp,262,-95.078338,32.947162 -95.078338,32.941028 -95.089031,32.941028 -95.089031,32.947162 -95.078338,32.947162
TX,Camp,263,-95.067644,32.959432 -95.067644,32.953297 -95.078338,32.953297 -95.078338,32.959432 -95.067644,32.959432
TX,Camp,264,-95.067644,32.953297 -95.067644,32.947162 -95.078338,32.947162 -95.078338,32.953297 -95.067644,32.953297
TX,Camp,265,-95.067644,32.947162 -95.067644,32.941028 -95.078338,32.941028 -95.078338,32.947162 -95.067644,32.947162
TX,Camp,266,-95.100155,32.941028 -95.100155,32.934636 -95.110417,32.934636 -95.110417,32.941028 -95.100155,32.941028
TX,Camp,267,-95.100155,32.934636 -95.100155,32.928244 -95.110417,32.928244 -95.110417,32.934636 -95.100155,32.934636
TX,Camp,268,-95.100155,32.928244 -95.100155,32.921851 -95.110417,32.921851 -95.110417,32.928244 -95.100155,32.928244
TX,Camp,269,-95.089892,32.941028 -95.089892,32.934636 -95.100155,32.934636 -95.100155,32.941028 -95.089892,32.941028
TX,Camp,270,-95.089892,32.934636 -95.089892,32.928244 -95.100155,32.928244 -95.100155,32.934636 -95.089892,32.934636
TX,Camp,271,-95.089892,32.928244 -95.089892,32.921851 -95.100155,32.921851 -95.100155,32.928244 -95.089892,32.928244
TX,Camp,272,-95.100162,32.921851 -95.100162,32.915455 -95.110417,32.915455 -95.110417,32.921851 -95.100162,32.921851
TX,Camp,273,-95.100162,32.915455 -95.100162,32.909058 -95.110417,32.909058 -95.110417,32.915455 -95.100162,32.915455
TX,Camp,274,-95.100162,32.909058 -95.100162,32.902675 -95.110417,32.902648 -95.110417,32.909058 -95.100162,32.909058
TX,Camp,275,-95.089892,32.921851 -95.089892,32.915464 -95.100162,32.915464 -95.100162,32.921851 -95.089892,32.921851
TX,Camp,276,-95.089892,32.915464 -95.089892,32.909076 -95.100162,32.909076 -95.100162,32.915464 -95.089892,32.915464
TX,Camp,277,-95.089892,32.909076 -95.089892,32.902702 -95.100162,32.902675 -95.100162,32.909076 -95.089892,32.909076
TX,Camp,278,-95.078768,32.941028 -95.078768,32.93513 -95.089892,32.93513 -95.089892,32.941028 -95.078768,32.941028
TX,Camp,279,-95.078768,32.93513 -95.078768,32.929233 -95.089892,32.929233 -95.089892,32.93513 -95.078768,32.93513
TX,Camp,280,-95.078768,32.929233 -95.078768,32.923336 -95.089892,32.923336 -95.089892,32.929233 -95.078768,32.929233
TX,Camp,281,-95.067644,32.941028 -95.067644,32.93513 -95.078768,32.93513 -95.078768,32.941028 -95.067644,32.941028
TX,Camp,282,-95.067644,32.93513 -95.067644,32.929233 -95.078768,32.929233 -95.078768,32.93513 -95.067644,32.93513
TX,Camp,283,-95.067644,32.929233 -95.067644,32.923336 -95.078768,32.923336 -95.078768,32.929233 -95.067644,32.929233
TX,Camp,284,-95.089892,32.923336 -95.080352,32.923336 -95.080352,32.91646 -95.089892,32.91646 -95.089892,32.923336
TX,Camp,285,-95.080352,32.91646 -95.080352,32.909584 -95.089892,32.909584 -95.089892,32.91646 -95.080352,32.91646
TX,Camp,286,-95.080352,32.909584 -95.080352,32.902702 -95.085297,32.902714 -95.089892,32.902702 -95.089892,32.909584 -95.080352,32.909584
TX,Camp,287,-95.080352,32.923336 -95.073998,32.923336 -95.073998,32.913011 -95.080352,32.913011 -95.080352,32.923336
TX,Camp,288,-95.073998,32.923336 -95.067644,32.923336 -95.067644,32.913011 -95.073998,32.913011 -95.073998,32.923336
TX,Camp,289,-95.080352,32.913011 -95.073993,32.913011 -95.073993,32.902687 -95.080352,32.902702 -95.080352,32.913011
TX,Camp,290,-95.073993,32.913011 -95.067644,32.913011 -95.067644,32.902671 -95.073993,32.902687 -95.073993,32.913011
TX,Camp,291,-95.057175,32.977836 -95.057175,32.97157 -95.067644,32.97157 -95.067644,32.977836 -95.057175,32.977836
TX,Camp,292,-95.057175,32.97157 -95.057175,32.965304 -95.067644,32.965304 -95.067644,32.97157 -95.057175,32.97157
TX,Camp,293,-95.057175,32.965304 -95.057175,32.959038 -95.067644,32.959038 -95.067644,32.965304 -95.057175,32.965304
TX,Camp,294,-95.046706,32.977836 -95.046706,32.97157 -95.057175,32.97157 -95.057175,32.977836 -95.046706,32.977836
TX,Camp,295,-95.046706,32.97157 -95.046706,32.965304 -95.057175,32.965304 -95.057175,32.97157 -95.046706,32.97157
TX,Camp,296,-95.046706,32.965304 -95.046706,32.959038 -95.057175,32.959038 -95.057175,32.965304 -95.046706,32.965304
TX,Camp,297,-95.057175,32.959038 -95.057175,32.952772 -95.067644,32.952772 -95.067644,32.959038 -95.057175,32.959038
TX,Camp,298,-95.057175,32.952772 -95.057175,32.946506 -95.067644,32.946506 -95.067644,32.952772 -95.057175,32.952772
TX,Camp,299,-95.057175,32.946506 -95.057175,32.94024 -95.067644,32.94024 -95.067644,32.946506 -95.057175,32.946506
TX,Camp,300,-95.046706,32.959038 -95.046706,32.952772 -95.057175,32.952772 -95.057175,32.959038 -95.046706,32.959038
TX,Camp,301,-95.046706,32.952772 -95.046706,32.946506 -95.057175,32.946506 -95.057175,32.952772 -95.046706,32.952772
TX,Camp,302,-95.046706,32.946506 -95.046706,32.94024 -95.057175,32.94024 -95.057175,32.946506 -95.046706,32.946506
TX,Camp,303,-95.036236,32.977836 -95.036236,32.97157 -95.046706,32.97157 -95.046706,32.977836 -95.036236,32.977836
TX,Camp,304,-95.036236,32.97157 -95.036236,32.965304 -95.046706,32.965304 -95.046706,32.97157 -95.036236,32.97157
TX,Camp,305,-95.036236,32.965304 -95.036236,32.959038 -95.046706,32.959038 -95.046706,32.965304 -95.036236,32.965304
TX,Camp,306,-95.025767,32.977836 -95.025767,32.97157 -95.036236,32.97157 -95.036236,32.977836 -95.025767,32.977836
TX,Camp,307,-95.025767,32.97157 -95.025767,32.965304 -95.036236,32.965304 -95.036236,32.97157 -95.025767,32.97157
TX,Camp,308,-95.025767,32.965304 -95.025767,32.959038 -95.036236,32.959038 -95.036236,32.965304 -95.025767,32.965304
TX,Camp,309,-95.036236,32.959038 -95.036236,32.952772 -95.046706,32.952772 -95.046706,32.959038 -95.036236,32.959038
TX,Camp,310,-95.036236,32.952772 -95.036236,32.946506 -95.046706,32.946506 -95.046706,32.952772 -95.036236,32.952772
TX,Camp,311,-95.036236,32.946506 -95.036236,32.94024 -95.046706,32.94024 -95.046706,32.946506 -95.036236,32.946506
TX,Camp,312,-95.025767,32.959038 -95.025767,32.952772 -95.036236,32.952772 -95.036236,32.959038 -95.025767,32.959038
TX,Camp,313,-95.025767,32.952772 -95.025767,32.946506 -95.036236,32.946506 -95.036236,32.952772 -95.025767,32.952772
TX,Camp,314,-95.025767,32.946506 -95.025767,32.94024 -95.036236,32.94024 -95.036236,32.946506 -95.025767,32.946506
TX,Camp,315,-95.057175,32.94024 -95.057175,32.933975 -95.067644,32.933975 -95.067644,32.94024 -95.057175,32.94024
TX,Camp,316,-95.057175,32.933975 -95.057175,32.927709 -95.067644,32.927709 -95.067644,32.933975 -95.057175,32.933975
TX,Camp,317,-95.057175,32.927709 -95.057175,32.921443 -95.067644,32.921443 -95.067644,32.927709 -95.057175,32.927709
TX,Camp,318,-95.046705,32.94024 -95.046705,32.933975 -95.057175,32.933975 -95.057175,32.94024 -95.046705,32.94024
TX,Camp,319,-95.046705,32.933975 -95.046705,32.927709 -95.057175,32.927709 -95.057175,32.933975 -95.046705,32.933975
TX,Camp,320,-95.046705,32.927709 -95.046705,32.921443 -95.057175,32.921443 -95.057175,32.927709 -95.046705,32.927709
TX,Camp,321,-95.057168,32.921443 -95.057168,32.915182 -95.067644,32.915182 -95.067644,32.921443 -95.057168,32.921443
TX,Camp,322,-95.057168,32.915182 -95.057168,32.90892 -95.067644,32.90892 -95.067644,32.915182 -95.057168,32.915182
TX,Camp,323,-95.057168,32.90892 -95.057168,32.902646 -95.067644,32.902671 -95.067644,32.90892 -95.057168,32.90892
TX,Camp,324,-95.046705,32.921443 -95.046705,32.915173 -95.057168,32.915173 -95.057168,32.921443 -95.046705,32.921443
TX,Camp,325,-95.046705,32.915173 -95.046705,32.908903 -95.057168,32.908903 -95.057168,32.915173 -95.046705,32.915173
TX,Camp,326,-95.046705,32.908903 -95.046705,32.902621 -95.057168,32.902646 -95.057168,32.908903 -95.046705,32.908903
TX,Camp,327,-95.036236,32.94024 -95.036236,32.933974 -95.046705,32.933974 -95.046705,32.94024 -95.036236,32.94024
TX,Camp,328,-95.036236,32.933974 -95.036236,32.927708 -95.046705,32.927708 -95.046705,32.933974 -95.036236,32.933974
TX,Camp,329,-95.036236,32.927708 -95.036236,32.921442 -95.046705,32.921442 -95.046705,32.927708 -95.036236,32.927708
TX,Camp,330,-95.025767,32.94024 -95.025767,32.933974 -95.036236,32.933974 -95.036236,32.94024 -95.025767,32.94024
TX,Camp,331,-95.025767,32.933974 -95.025767,32.927708 -95.036236,32.927708 -95.036236,32.933974 -95.025767,32.933974
TX,Camp,332,-95.025767,32.927708 -95.025767,32.921442 -95.036236,32.921442 -95.036236,32.927708 -95.025767,32.927708
TX,Camp,333,-95.036248,32.921442 -95.036248,32.915169 -95.046705,32.915169 -95.046705,32.921442 -95.036248,32.921442
TX,Camp,334,-95.036248,32.915169 -95.036248,32.908895 -95.046705,32.908895 -95.046705,32.915169 -95.036248,32.915169
TX,Camp,335,-95.036248,32.908895 -95.036248,32.902641 -95.042496,32.902611 -95.046705,32.902621 -95.046705,32.908895 -95.036248,32.908895
TX,Camp,336,-95.025767,32.921442 -95.025767,32.915183 -95.036248,32.915183 -95.036248,32.921442 -95.025767,32.921442
TX,Camp,337,-95.025767,32.915183 -95.025767,32.908924 -95.036248,32.908924 -95.036248,32.915183 -95.025767,32.915183
TX,Camp,338,-95.025767,32.908924 -95.025767,32.902691 -95.036248,32.902641 -95.036248,32.908924 -95.025767,32.908924
TX,Camp,339,-95.015069,32.977836 -95.015069,32.971704 -95.025767,32.971704 -95.025767,32.977836 -95.015069,32.977836
TX,Camp,340,-95.015069,32.971704 -95.015069,32.965571 -95.025767,32.965571 -95.025767,32.971704 -95.015069,32.971704
TX,Camp,341,-95.015069,32.965571 -95.015069,32.959439 -95.025767,32.959439 -95.025767,32.965571 -95.015069,32.965571
TX,Camp,342,-95.004372,32.977836 -95.004372,32.971704 -95.015069,32.971704 -95.015069,32.977836 -95.004372,32.977836
TX,Camp,343,-95.004372,32.971704 -95.004372,32.965571 -95.015069,32.965571 -95.015069,32.971704 -95.004372,32.971704
TX,Camp,344,-95.004372,32.965571 -95.004372,32.959439 -95.015069,32.959439 -95.015069,32.965571 -95.004372,32.965571
TX,Camp,345,-95.015069,32.959439 -95.015069,32.953307 -95.025767,32.953307 -95.025767,32.959439 -95.015069,32.959439
TX,Camp,346,-95.015069,32.953307 -95.015069,32.947174 -95.025767,32.947174 -95.025767,32.953307 -95.015069,32.953307
TX,Camp,347,-95.015069,32.947174 -95.015069,32.941042 -95.025767,32.941042 -95.025767,32.947174 -95.015069,32.947174
TX,Camp,348,-95.004372,32.959439 -95.004372,32.953307 -95.015069,32.953307 -95.015069,32.959439 -95.004372,32.959439
TX,Camp,349,-95.004372,32.953307 -95.004372,32.947174 -95.015069,32.947174 -95.015069,32.953307 -95.004372,32.953307
TX,Camp,350,-95.004372,32.947174 -95.004372,32.941042 -95.015069,32.941042 -95.015069,32.947174 -95.004372,32.947174
TX,Camp,351,-94.993674,32.977836 -94.993674,32.971704 -95.004372,32.971704 -95.004372,32.977836 -94.993674,32.977836
TX,Camp,352,-94.993674,32.971704 -94.993674,32.965571 -95.004372,32.965571 -95.004372,32.971704 -94.993674,32.971704
TX,Camp,353,-94.993674,32.965571 -94.993674,32.959439 -95.004372,32.959439 -95.004372,32.965571 -94.993674,32.965571
TX,Camp,354,-94.982977,32.977836 -94.982977,32.971704 -94.993674,32.971704 -94.993674,32.977836 -94.982977,32.977836
TX,Camp,355,-94.982977,32.971704 -94.982977,32.965571 -94.993674,32.965571 -94.993674,32.971704 -94.982977,32.971704
TX,Camp,356,-94.982977,32.965571 -94.982977,32.959439 -94.993674,32.959439 -94.993674,32.965571 -94.982977,32.965571
TX,Camp,357,-94.993674,32.959439 -94.993674,32.953307 -95.004372,32.953307 -95.004372,32.959439 -94.993674,32.959439
TX,Camp,358,-94.993674,32.953307 -94.993674,32.947174 -95.004372,32.947174 -95.004372,32.953307 -94.993674,32.953307
TX,Camp,359,-94.993674,32.947174 -94.993674,32.941042 -95.004372,32.941042 -95.004372,32.947174 -94.993674,32.947174
TX,Camp,360,-94.982977,32.959439 -94.982977,32.953307 -94.993674,32.953307 -94.993674,32.959439 -94.982977,32.959439
TX,Camp,361,-94.982977,32.953307 -94.982977,32.947174 -94.993674,32.947174 -94.993674,32.953307 -94.982977,32.953307
TX,Camp,362,-94.982977,32.947174 -94.982977,32.941042 -94.993674,32.941042 -94.993674,32.947174 -94.982977,32.947174
TX,Camp,363,-95.015491,32.941042 -95.015491,32.934658 -95.025767,32.934658 -95.025767,32.941042 -95.015491,32.941042
TX,Camp,364,-95.015491,32.934658 -95.015491,32.928275 -95.025767,32.928275 -95.025767,32.934658 -95.015491,32.934658
TX,Camp,365,-95.015491,32.928275 -95.015491,32.921891 -95.025767,32.921891 -95.025767,32.928275 -95.015491,32.928275
TX,Camp,366,-95.005215,32.941042 -95.005215,32.934658 -95.015491,32.934658 -95.015491,32.941042 -95.005215,32.941042
TX,Camp,367,-95.005215,32.934658 -95.005215,32.928275 -95.015491,32.928275 -95.015491,32.934658 -95.005215,32.934658
TX,Camp,368,-95.005215,32.928275 -95.005215,32.921891 -95.015491,32.921891 -95.015491,32.928275 -95.005215,32.928275
TX,Camp,369,-95.015504,32.921891 -95.015504,32.915499 -95.025767,32.915499 -95.025767,32.921891 -95.015504,32.921891
TX,Camp,370,-95.015504,32.915499 -95.015504,32.909107 -95.025767,32.909107 -95.025767,32.915499 -95.015504,32.915499
TX,Camp,371,-95.015504,32.909107 -95.015504,32.90274 -95.025767,32.902691 -95.025767,32.909107 -95.015504,32.909107
TX,Camp,372,-95.005215,32.921891 -95.005215,32.915515 -95.015504,32.915515 -95.015504,32.921891 -95.005215,32.921891
TX,Camp,373,-95.005215,32.915515 -95.005215,32.90914 -95.015504,32.90914 -95.015504,32.915515 -95.005215,32.915515
TX,Camp,374,-95.005215,32.90914 -95.005215,32.902789 -95.015504,32.90274 -95.015504,32.90914 -95.005215,32.90914
TX,Camp,375,-94.994096,32.941042 -94.994096,32.935142 -95.005215,32.935142 -95.005215,32.941042 -94.994096,32.941042
TX,Camp,376,-94.994096,32.935142 -94.994096,32.929242 -95.005215,32.929242 -95.005215,32.935142 -94.994096,32.935142
TX,Camp,377,-94.994096,32.929242 -94.994096,32.923342 -95.005215,32.923342 -95.005215,32.929242 -94.994096,32.929242
TX,Camp,378,-94.982977,32.941042 -94.982977,32.935142 -94.994096,32.935142 -94.994096,32.941042 -94.982977,32.941042
TX,Camp,379,-94.982977,32.935142 -94.982977,32.929242 -94.994096,32.929242 -94.994096,32.935142 -94.982977,32.935142
TX,Camp,380,-94.982977,32.929242 -94.982977,32.923342 -94.994096,32.923342 -94.994096,32.929242 -94.982977,32.929242
TX,Camp,381,-95.005215,32.923342 -94.995643,32.923342 -94.995643,32.916489 -95.005215,32.916489 -95.005215,32.923342
TX,Camp,382,-94.995643,32.916489 -94.995643,32.909635 -95.005215,32.909635 -95.005215,32.916489 -94.995643,32.916489
TX,Camp,383,-95.005215,32.909635 -94.995643,32.909635 -94.995643,32.902706 -95.000198,32.902813 -95.005215,32.902789 -95.005215,32.909635
TX,Camp,384,-94.995643,32.923342 -94.98931,32.923342 -94.98931,32.912984 -94.995643,32.912984 -94.995643,32.923342
TX,Camp,385,-94.98931,32.923342 -94.982977,32.923342 -94.982977,32.912984 -94.98931,32.912984 -94.98931,32.923342
TX,Camp,386,-94.995643,32.912984 -94.989301,32.912984 -94.989301,32.902611 -94.9916,32.902611 -94.995643,32.902706 -94.995643,32.912984
TX,Camp,387,-94.989301,32.912984 -94.982977,32.912984 -94.982977,32.902611 -94.989301,32.902611 -94.989301,32.912984
TX,Camp,388,-94.982977,33.062087 -94.982977,33.076426 -94.982498,33.076511 -94.9785,33.076313 -94.978398,33.076196 -94.978398,33.062087 -94.982977,33.062087
TX,Camp,389,-94.978398,33.076196 -94.976494,33.074013 -94.973595,33.072712 -94.9692,33.07291 -94.966739,33.072881 -94.966739,33.067714 -94.978398,33.067714 -94.978398,33.076196
TX,Camp,390,-94.978398,33.067714 -94.966739,33.067714 -94.966739,33.062087 -94.978398,33.062087 -94.978398,33.067714
TX,Camp,391,-94.982977,33.062087 -94.977564,33.062087 -94.977564,33.049967 -94.982977,33.049967 -94.982977,33.062087
TX,Camp,392,-94.966739,33.062087 -94.966739,33.056027 -94.977564,33.056027 -94.977564,33.062087 -94.966739,33.062087
TX,Camp,393,-94.966739,33.056027 -94.966739,33.049967 -94.977564,33.049967 -94.977564,33.056027 -94.966739,33.056027
TX,Camp,394,-94.966739,33.072881 -94.960899,33.072811 -94.96089,33.072812 -94.96089,33.061632 -94.966739,33.061632 -94.966739,33.072881
TX,Camp,395,-94.951698,33.074211 -94.949867,33.074151 -94.949867,33.067583 -94.96089,33.067583 -94.96089,33.072812 -94.954895,33.073513 -94.951698,33.074211
TX,Camp,396,-94.949867,33.067583 -94.949867,33.061632 -94.96089,33.061632 -94.96089,33.067583 -94.949867,33.067583
TX,Camp,397,-94.966739,33.049967 -94.966739,33.061632 -94.961115,33.061632 -94.961115,33.049967 -94.966739,33.049967
TX,Camp,398,-94.949867,33.061632 -94.949867,33.0558 -94.961115,33.0558 -94.961115,33.061632 -94.949867,33.061632
TX,Camp,399,-94.949867,33.0558 -94.949867,33.049967 -94.961115,33.049967 -94.961115,33.0558 -94.949867,33.0558
TX,Camp,400,-94.982977,33.049967 -94.977459,33.049967 -94.977459,33.03808 -94.982977,33.03808 -94.982977,33.049967
TX,Camp,401,-94.966422,33.049967 -94.966422,33.044024 -94.977459,33.044024 -94.977459,33.049967 -94.966422,33.049967
TX,Camp,402,-94.966422,33.044024 -94.966422,33.03808 -94.977459,33.03808 -94.977459,33.044024 -94.966422,33.044024
TX,Camp,403,-94.982977,33.03808 -94.977459,33.03808 -94.977459,33.026192 -94.982977,33.026192 -94.982977,33.03808
TX,Camp,404,-94.966422,33.03808 -94.966422,33.032136 -94.977459,33.032136 -94.977459,33.03808 -94.966422,33.03808
TX,Camp,405,-94.966422,33.032136 -94.966422,33.026192 -94.977459,33.026192 -94.977459,33.032136 -94.966422,33.032136
TX,Camp,406,-94.966422,33.049967 -94.960904,33.049967 -94.960904,33.03808 -94.966422,33.03808 -94.966422,33.049967
TX,Camp,407,-94.949867,33.049967 -94.949867,33.044024 -94.960904,33.044024 -94.960904,33.049967 -94.949867,33.049967
TX,Camp,408,-94.949867,33.044024 -94.949867,33.03808 -94.960904,33.03808 -94.960904,33.044024 -94.949867,33.044024
TX,Camp,409,-94.966422,33.03808 -94.960904,33.03808 -94.960904,33.026192 -94.966422,33.026192 -94.966422,33.03808
TX,Camp,410,-94.949867,33.03808 -94.949867,33.032136 -94.960904,33.032136 -94.960904,33.03808 -94.949867,33.03808
TX,Camp,411,-94.949867,33.032136 -94.949867,33.026192 -94.960904,33.026192 -94.960904,33.032136 -94.949867,33.032136
TX,Camp,412,-94.944794,33.074413 -94.938293,33.074013 -94.93676,33.073399 -94.93676,33.069156 -94.949867,33.069156 -94.949867,33.074151 -94.9487,33.074112 -94.944794,33.074413
TX,Camp,413,-94.949867,33.069156 -94.943314,33.069156 -94.943314,33.059146 -94.949867,33.059146 -94.949867,33.069156
TX,Camp,414,-94.943314,33.069156 -94.93676,33.069156 -94.93676,33.059146 -94.943314,33.059146 -94.943314,33.069156
TX,Camp,415,-94.93676,33.059146 -94.93676,33.054141 -94.949867,33.054141 -94.949867,33.059146 -94.93676,33.059146
TX,Camp,416,-94.949867,33.054141 -94.943314,33.054141 -94.943314,33.044131 -94.949867,33.044131 -94.949867,33.054141
TX,Camp,417,-94.943314,33.054141 -94.93676,33.054141 -94.93676,33.044131 -94.943314,33.044131 -94.943314,33.054141
TX,Camp,418,-94.93676,33.073399 -94.934799,33.072613 -94.930695,33.070412 -94.929632,33.070125 -94.929632,33.062535 -94.93676,33.062535 -94.93676,33.073399
TX,Camp,419,-94.929632,33.062535 -94.929632,33.053333 -94.93676,33.053333 -94.93676,33.062535 -94.929632,33.062535
TX,Camp,420,-94.929632,33.053333 -94.929632,33.044131 -94.93676,33.044131 -94.93676,33.053333 -94.929632,33.053333
TX,Camp,421,-94.922727,33.056544 -94.929632,33.056544 -94.929632,33.070125 -94.926994,33.069412 -94.9254,33.067211 -94.925896,33.063313 -94.923294,33.062214 -94.923393,33.057911 -94.922727,33.056544
TX,Camp,422,-94.929632,33.056544 -94.924347,33.056544 -94.924347,33.044131 -94.929632,33.044131 -94.929632,33.056544
TX,Camp,423,-94.924347,33.056544 -94.922727,33.056544 -94.921394,33.05381 -94.920898,33.05051 -94.918999,33.048111 -94.9142,33.044811 -94.910797,33.04541 -94.908295,33.044613 -94.907331,33.044131 -94.924347,33.044131 -94.924347,33.056544
TX,Camp,424,-94.938897,33.044131 -94.938897,33.038151 -94.949867,33.038151 -94.949867,33.044131 -94.938897,33.044131
TX,Camp,425,-94.938897,33.038151 -94.938897,33.032172 -94.949867,33.032172 -94.949867,33.038151 -94.938897,33.038151
TX,Camp,426,-94.938897,33.032172 -94.938897,33.026192 -94.949867,33.026192 -94.949867,33.032172 -94.938897,33.032172
TX,Camp,427,-94.927926,33.044131 -94.927926,33.038151 -94.938897,33.038151 -94.938897,33.044131 -94.927926,33.044131
TX,Camp,428,-94.927926,33.038151 -94.927926,33.032172 -94.938897,33.032172 -94.938897,33.038151 -94.927926,33.038151
TX,Camp,429,-94.927926,33.032172 -94.927926,33.026192 -94.938897,33.026192 -94.938897,33.032172 -94.927926,33.032172
TX,Camp,430,-94.916956,33.044131 -94.916956,33.038151 -94.927926,33.038151 -94.927926,33.044131 -94.916956,33.044131
TX,Camp,431,-94.916956,33.038151 -94.916956,33.032172 -94.927926,33.032172 -94.927926,33.038151 -94.916956,33.038151
TX,Camp,432,-94.916956,33.032172 -94.916956,33.026192 -94.927926,33.026192 -94.927926,33.032172 -94.916956,33.032172
TX,Camp,433,-94.907331,33.044131 -94.905959,33.043445 -94.905959,33.038123 -94.916956,33.038123 -94.916956,33.044131 -94.907331,33.044131
TX,Camp,434,-94.905959,33.038123 -94.905959,33.032157 -94.916956,33.032157 -94.916956,33.038123 -94.905959,33.038123
TX,Camp,435,-94.905959,33.032157 -94.905959,33.026192 -94.916956,33.026192 -94.916956,33.032157 -94.905959,33.032157
TX,Camp,436,-94.982977,33.026192 -94.976559,33.026192 -94.976559,33.015971 -94.982977,33.015971 -94.982977,33.026192
TX,Camp,437,-94.976559,33.026192 -94.970141,33.026192 -94.970141,33.015971 -94.976559,33.015971 -94.976559,33.026192
TX,Camp,438,-94.970141,33.026192 -94.963723,33.026192 -94.963723,33.015971 -94.970141,33.015971 -94.970141,33.026192
TX,Camp,439,-94.982977,33.015971 -94.976559,33.015971 -94.976559,33.00575 -94.982977,33.00575 -94.982977,33.015971
TX,Camp,440,-94.976559,33.015971 -94.970141,33.015971 -94.970141,33.00575 -94.976559,33.00575 -94.976559,33.015971
TX,Camp,441,-94.970141,33.015971 -94.963723,33.015971 -94.963723,33.00575 -94.970141,33.00575 -94.970141,33.015971
TX,Camp,442,-94.963723,33.026192 -94.957304,33.026192 -94.957304,33.015971 -94.963723,33.015971 -94.963723,33.026192
TX,Camp,443,-94.957304,33.026192 -94.950886,33.026192 -94.950886,33.015971 -94.957304,33.015971 -94.957304,33.026192
TX,Camp,444,-94.950886,33.026192 -94.944468,33.026192 -94.944468,33.015971 -94.950886,33.015971 -94.950886,33.026192
TX,Camp,445,-94.963723,33.015971 -94.957304,33.015971 -94.957304,33.00575 -94.963723,33.00575 -94.963723,33.015971
TX,Camp,446,-94.957304,33.015971 -94.950886,33.015971 -94.950886,33.00575 -94.957304,33.00575 -94.957304,33.015971
TX,Camp,447,-94.950886,33.015971 -94.944468,33.015971 -94.944468,33.00575 -94.950886,33.00575 -94.950886,33.015971
TX,Camp,448,-94.982977,33.00575 -94.976559,33.00575 -94.976559,32.995529 -94.982977,32.995529 -94.982977,33.00575
TX,Camp,449,-94.976559,33.00575 -94.970141,33.00575 -94.970141,32.995529 -94.976559,32.995529 -94.976559,33.00575
TX,Camp,450,-94.970141,33.00575 -94.963723,33.00575 -94.963723,32.995529 -94.970141,32.995529 -94.970141,33.00575
TX,Camp,451,-94.982977,32.995529 -94.976559,32.995529 -94.976559,32.985308 -94.982977,32.985308 -94.982977,32.995529
TX,Camp,452,-94.976559,32.995529 -94.970141,32.995529 -94.970141,32.985308 -94.976559,32.985308 -94.976559,32.995529
TX,Camp,453,-94.970141,32.995529 -94.963723,32.995529 -94.963723,32.985308 -94.970141,32.985308 -94.970141,32.995529
TX,Camp,454,-94.963723,33.00575 -94.957304,33.00575 -94.957304,32.995529 -94.963723,32.995529 -94.963723,33.00575
TX,Camp,455,-94.957304,33.00575 -94.950886,33.00575 -94.950886,32.995529 -94.957304,32.995529 -94.957304,33.00575
TX,Camp,456,-94.950886,33.00575 -94.944468,33.00575 -94.944468,32.995529 -94.950886,32.995529 -94.950886,33.00575
TX,Camp,457,-94.963723,32.995529 -94.957304,32.995529 -94.957304,32.985308 -94.963723,32.985308 -94.963723,32.995529
TX,Camp,458,-94.957304,32.995529 -94.950886,32.995529 -94.950886,32.985308 -94.957304,32.985308 -94.957304,32.995529
TX,Camp,459,-94.950886,32.995529 -94.944468,32.995529 -94.944468,32.985308 -94.950886,32.985308 -94.950886,32.995529
TX,Camp,460,-94.944468,33.026192 -94.93805,33.026192 -94.93805,33.015971 -94.944468,33.015971 -94.944468,33.026192
TX,Camp,461,-94.93805,33.026192 -94.931632,33.026192 -94.931632,33.015971 -94.93805,33.015971 -94.93805,33.026192
TX,Camp,462,-94.931632,33.026192 -94.925214,33.026192 -94.925214,33.015971 -94.931632,33.015971 -94.931632,33.026192
TX,Camp,463,-94.944468,33.015971 -94.93805,33.015971 -94.93805,33.00575 -94.944468,33.00575 -94.944468,33.015971
TX,Camp,464,-94.93805,33.015971 -94.931632,33.015971 -94.931632,33.00575 -94.93805,33.00575 -94.93805,33.015971
TX,Camp,465,-94.931632,33.015971 -94.925214,33.015971 -94.925214,33.00575 -94.931632,33.00575 -94.931632,33.015971
TX,Camp,466,-94.925214,33.026192 -94.918796,33.026192 -94.918796,33.015971 -94.925214,33.015971 -94.925214,33.026192
TX,Camp,467,-94.918796,33.026192 -94.912377,33.026192 -94.912377,33.015971 -94.918796,33.015971 -94.918796,33.026192
TX,Camp,468,-94.912377,33.026192 -94.905959,33.026192 -94.905959,33.015971 -94.912377,33.015971 -94.912377,33.026192
TX,Camp,469,-94.925214,33.015971 -94.918796,33.015971 -94.918796,33.00575 -94.925214,33.00575 -94.925214,33.015971
TX,Camp,470,-94.918796,33.015971 -94.912377,33.015971 -94.912377,33.00575 -94.918796,33.00575 -94.918796,33.015971
TX,Camp,471,-94.912377,33.015971 -94.905959,33.015971 -94.905959,33.00575 -94.912377,33.00575 -94.912377,33.015971
TX,Camp,472,-94.944468,33.00575 -94.93805,33.00575 -94.93805,32.995529 -94.944468,32.995529 -94.944468,33.00575
TX,Camp,473,-94.93805,33.00575 -94.931632,33.00575 -94.931632,32.995529 -94.93805,32.995529 -94.93805,33.00575
TX,Camp,474,-94.931632,33.00575 -94.925214,33.00575 -94.925214,32.995529 -94.931632,32.995529 -94.931632,33.00575
TX,Camp,475,-94.944468,32.995529 -94.93805,32.995529 -94.93805,32.985308 -94.944468,32.985308 -94.944468,32.995529
TX,Camp,476,-94.93805,32.995529 -94.931632,32.995529 -94.931632,32.985308 -94.93805,32.985308 -94.93805,32.995529
TX,Camp,477,-94.931632,32.995529 -94.925214,32.995529 -94.925214,32.985308 -94.931632,32.985308 -94.931632,32.995529
TX,Camp,478,-94.925214,33.00575 -94.918796,33.00575 -94.918796,32.995529 -94.925214,32.995529 -94.925214,33.00575
TX,Camp,479,-94.918796,33.00575 -94.912377,33.00575 -94.912377,32.995529 -94.918796,32.995529 -94.918796,33.00575
TX,Camp,480,-94.912377,33.00575 -94.905959,33.00575 -94.905959,32.995529 -94.912377,32.995529 -94.912377,33.00575
TX,Camp,481,-94.925214,32.995529 -94.918796,32.995529 -94.918796,32.985308 -94.925214,32.985308 -94.925214,32.995529
TX,Camp,482,-94.918796,32.995529 -94.912377,32.995529 -94.912377,32.985308 -94.918796,32.985308 -94.918796,32.995529
TX,Camp,483,-94.912377,32.995529 -94.905959,32.995529 -94.905959,32.985308 -94.912377,32.985308 -94.912377,32.995529
TX,Camp,484,-94.982977,32.985308 -94.976559,32.985308 -94.976559,32.975087 -94.982977,32.975087 -94.982977,32.985308
TX,Camp,485,-94.976559,32.985308 -94.970141,32.985308 -94.970141,32.975087 -94.976559,32.975087 -94.976559,32.985308
TX,Camp,486,-94.970141,32.985308 -94.963723,32.985308 -94.963723,32.975087 -94.970141,32.975087 -94.970141,32.985308
TX,Camp,487,-94.982977,32.975087 -94.976559,32.975087 -94.976559,32.964866 -94.982977,32.964866 -94.982977,32.975087
TX,Camp,488,-94.976559,32.975087 -94.970141,32.975087 -94.970141,32.964866 -94.976559,32.964866 -94.976559,32.975087
TX,Camp,489,-94.970141,32.975087 -94.963723,32.975087 -94.963723,32.964866 -94.970141,32.964866 -94.970141,32.975087
TX,Camp,490,-94.963723,32.985308 -94.957304,32.985308 -94.957304,32.975087 -94.963723,32.975087 -94.963723,32.985308
TX,Camp,491,-94.957304,32.985308 -94.950886,32.985308 -94.950886,32.975087 -94.957304,32.975087 -94.957304,32.985308
TX,Camp,492,-94.950886,32.985308 -94.944468,32.985308 -94.944468,32.975087 -94.950886,32.975087 -94.950886,32.985308
TX,Camp,493,-94.963723,32.975087 -94.957304,32.975087 -94.957304,32.964866 -94.963723,32.964866 -94.963723,32.975087
TX,Camp,494,-94.957304,32.975087 -94.950886,32.975087 -94.950886,32.964866 -94.957304,32.964866 -94.957304,32.975087
TX,Camp,495,-94.950886,32.975087 -94.944468,32.975087 -94.944468,32.964866 -94.950886,32.964866 -94.950886,32.975087
TX,Camp,496,-94.982977,32.964866 -94.976559,32.964866 -94.976559,32.954645 -94.982977,32.954645 -94.982977,32.964866
TX,Camp,497,-94.976559,32.964866 -94.970141,32.964866 -94.970141,32.954645 -94.976559,32.954645 -94.976559,32.964866
TX,Camp,498,-94.970141,32.964866 -94.963723,32.964866 -94.963723,32.954645 -94.970141,32.954645 -94.970141,32.964866
TX,Camp,499,-94.982977,32.954645 -94.976559,32.954645 -94.976559,32.944424 -94.982977,32.944424 -94.982977,32.954645
TX,Camp,500,-94.976559,32.954645 -94.970141,32.954645 -94.970141,32.944424 -94.976559,32.944424 -94.976559,32.954645
TX,Camp,501,-94.970141,32.954645 -94.963723,32.954645 -94.963723,32.944424 -94.970141,32.944424 -94.970141,32.954645
TX,Camp,502,-94.963723,32.964866 -94.957304,32.964866 -94.957304,32.954645 -94.963723,32.954645 -94.963723,32.964866
TX,Camp,503,-94.957304,32.964866 -94.950886,32.964866 -94.950886,32.954645 -94.957304,32.954645 -94.957304,32.964866
TX,Camp,504,-94.950886,32.964866 -94.944468,32.964866 -94.944468,32.954645 -94.950886,32.954645 -94.950886,32.964866
TX,Camp,505,-94.963723,32.954645 -94.957304,32.954645 -94.957304,32.944424 -94.963723,32.944424 -94.963723,32.954645
TX,Camp,506,-94.957304,32.954645 -94.950886,32.954645 -94.950886,32.944424 -94.957304,32.944424 -94.957304,32.954645
TX,Camp,507,-94.950886,32.954645 -94.944468,32.954645 -94.944468,32.944424 -94.950886,32.944424 -94.950886,32.954645
TX,Camp,508,-94.944468,32.985308 -94.93805,32.985308 -94.93805,32.975087 -94.944468,32.975087 -94.944468,32.985308
TX,Camp,509,-94.93805,32.985308 -94.931632,32.985308 -94.931632,32.975087 -94.93805,32.975087 -94.93805,32.985308
TX,Camp,510,-94.931632,32.985308 -94.925214,32.985308 -94.925214,32.975087 -94.931632,32.975087 -94.931632,32.985308
TX,Camp,511,-94.944468,32.975087 -94.93805,32.975087 -94.93805,32.964866 -94.944468,32.964866 -94.944468,32.975087
TX,Camp,512,-94.93805,32.975087 -94.931632,32.975087 -94.931632,32.964866 -94.93805,32.964866 -94.93805,32.975087
TX,Camp,513,-94.931632,32.975087 -94.925214,32.975087 -94.925214,32.964866 -94.931632,32.964866 -94.931632,32.975087
TX,Camp,514,-94.925214,32.985308 -94.918796,32.985308 -94.918796,32.975087 -94.925214,32.975087 -94.925214,32.985308
TX,Camp,515,-94.918796,32.985308 -94.912377,32.985308 -94.912377,32.975087 -94.918796,32.975087 -94.918796,32.985308
TX,Camp,516,-94.912377,32.985308 -94.905959,32.985308 -94.905959,32.975087 -94.912377,32.975087 -94.912377,32.985308
TX,Camp,517,-94.925214,32.975087 -94.918796,32.975087 -94.918796,32.964866 -94.925214,32.964866 -94.925214,32.975087
TX,Camp,518,-94.918796,32.975087 -94.912377,32.975087 -94.912377,32.964866 -94.918796,32.964866 -94.918796,32.975087
TX,Camp,519,-94.912377,32.975087 -94.905959,32.975087 -94.905959,32.964866 -94.912377,32.964866 -94.912377,32.975087
TX,Camp,520,-94.944468,32.964866 -94.93805,32.964866 -94.93805,32.954645 -94.944468,32.954645 -94.944468,32.964866
TX,Camp,521,-94.93805,32.964866 -94.931632,32.964866 -94.931632,32.954645 -94.93805,32.954645 -94.93805,32.964866
TX,Camp,522,-94.931632,32.964866 -94.925214,32.964866 -94.925214,32.954645 -94.931632,32.954645 -94.931632,32.964866
TX,Camp,523,-94.944468,32.954645 -94.93805,32.954645 -94.93805,32.944424 -94.944468,32.944424 -94.944468,32.954645
TX,Camp,524,-94.93805,32.954645 -94.931632,32.954645 -94.931632,32.944424 -94.93805,32.944424 -94.93805,32.954645
TX,Camp,525,-94.931632,32.954645 -94.925214,32.954645 -94.925214,32.944424 -94.931632,32.944424 -94.931632,32.954645
TX,Camp,526,-94.925214,32.964866 -94.918796,32.964866 -94.918796,32.954645 -94.925214,32.954645 -94.925214,32.964866
TX,Camp,527,-94.918796,32.964866 -94.912377,32.964866 -94.912377,32.954645 -94.918796,32.954645 -94.918796,32.964866
TX,Camp,528,-94.912377,32.964866 -94.905959,32.964866 -94.905959,32.954645 -94.912377,32.954645 -94.912377,32.964866
TX,Camp,529,-94.925214,32.954645 -94.918796,32.954645 -94.918796,32.944424 -94.925214,32.944424 -94.925214,32.954645
TX,Camp,530,-94.918796,32.954645 -94.912377,32.954645 -94.912377,32.944424 -94.918796,32.944424 -94.918796,32.954645
TX,Camp,531,-94.912377,32.954645 -94.905959,32.954645 -94.905959,32.944424 -94.912377,32.944424 -94.912377,32.954645
TX,Camp,532,-94.982977,32.944424 -94.976687,32.944424 -94.976687,32.933994 -94.982977,32.933994 -94.982977,32.944424
TX,Camp,533,-94.976687,32.944424 -94.970398,32.944424 -94.970398,32.933994 -94.976687,32.933994 -94.976687,32.944424
TX,Camp,534,-94.970398,32.944424 -94.964108,32.944424 -94.964108,32.933994 -94.970398,32.933994 -94.970398,32.944424
TX,Camp,535,-94.982977,32.933994 -94.976687,32.933994 -94.976687,32.923564 -94.982977,32.923564 -94.982977,32.933994
TX,Camp,536,-94.976687,32.933994 -94.970398,32.933994 -94.970398,32.923564 -94.976687,32.923564 -94.976687,32.933994
TX,Camp,537,-94.970398,32.933994 -94.964108,32.933994 -94.964108,32.923564 -94.970398,32.923564 -94.970398,32.933994
TX,Camp,538,-94.964108,32.944424 -94.957819,32.944424 -94.957819,32.933994 -94.964108,32.933994 -94.964108,32.944424
TX,Camp,539,-94.957819,32.944424 -94.951529,32.944424 -94.951529,32.933994 -94.957819,32.933994 -94.957819,32.944424
TX,Camp,540,-94.951529,32.944424 -94.945239,32.944424 -94.945239,32.933994 -94.951529,32.933994 -94.951529,32.944424
TX,Camp,541,-94.964108,32.933994 -94.957819,32.933994 -94.957819,32.923564 -94.964108,32.923564 -94.964108,32.933994
TX,Camp,542,-94.957819,32.933994 -94.951529,32.933994 -94.951529,32.923564 -94.957819,32.923564 -94.957819,32.933994
TX,Camp,543,-94.951529,32.933994 -94.945239,32.933994 -94.945239,32.923564 -94.951529,32.923564 -94.951529,32.933994
TX,Camp,544,-94.982977,32.913087 -94.982977,32.923564 -94.976715,32.923564 -94.976715,32.913087 -94.982977,32.913087
TX,Camp,545,-94.976715,32.923564 -94.970454,32.923564 -94.970454,32.913087 -94.976715,32.913087 -94.976715,32.923564
TX,Camp,546,-94.970454,32.923564 -94.964192,32.923564 -94.964192,32.913087 -94.970454,32.913087 -94.970454,32.923564
TX,Camp,547,-94.982977,32.902611 -94.982977,32.913087 -94.976715,32.913087 -94.976715,32.902611 -94.982977,32.902611
TX,Camp,548,-94.976715,32.913087 -94.970454,32.913087 -94.970454,32.902611 -94.976715,32.902611 -94.976715,32.913087
TX,Camp,549,-94.970454,32.913087 -94.964192,32.913087 -94.964192,32.902611 -94.970454,32.902611 -94.970454,32.913087
TX,Camp,550,-94.964192,32.913181 -94.964192,32.923564 -94.957875,32.923564 -94.957875,32.913181 -94.964192,32.913181
TX,Camp,551,-94.957875,32.923564 -94.951557,32.923564 -94.951557,32.913181 -94.957875,32.913181 -94.957875,32.923564
TX,Camp,552,-94.951557,32.923564 -94.945239,32.923564 -94.945239,32.913181 -94.951557,32.913181 -94.951557,32.923564
TX,Camp,553,-94.964192,32.913181 -94.957952,32.913181 -94.957952,32.902766 -94.962593,32.902611 -94.964192,32.902611 -94.964192,32.913181
TX,Camp,554,-94.957952,32.913181 -94.951596,32.913181 -94.951596,32.902892 -94.953598,32.902912 -94.957952,32.902766 -94.957952,32.913181
TX,Camp,555,-94.951596,32.913181 -94.945239,32.913181 -94.945239,32.90283 -94.951596,32.902892 -94.951596,32.913181
TX,Camp,556,-94.945239,32.944424 -94.938693,32.944424 -94.938693,32.934404 -94.945239,32.934404 -94.945239,32.944424
TX,Camp,557,-94.938693,32.944424 -94.932146,32.944424 -94.932146,32.934404 -94.938693,32.934404 -94.938693,32.944424
TX,Camp,558,-94.932146,32.944424 -94.925599,32.944424 -94.925599,32.934404 -94.932146,32.934404 -94.932146,32.944424
TX,Camp,559,-94.945239,32.934404 -94.938693,32.934404 -94.938693,32.924383 -94.945239,32.924383 -94.945239,32.934404
TX,Camp,560,-94.938693,32.934404 -94.932146,32.934404 -94.932146,32.924383 -94.938693,32.924383 -94.938693,32.934404
TX,Camp,561,-94.932146,32.934404 -94.925599,32.934404 -94.925599,32.924383 -94.932146,32.924383 -94.932146,32.934404
TX,Camp,562,-94.925599,32.944424 -94.919053,32.944424 -94.919053,32.934404 -94.925599,32.934404 -94.925599,32.944424
TX,Camp,563,-94.919053,32.944424 -94.912506,32.944424 -94.912506,32.934404 -94.919053,32.934404 -94.919053,32.944424
TX,Camp,564,-94.912506,32.944424 -94.905959,32.944424 -94.905959,32.934404 -94.912506,32.934404 -94.912506,32.944424
TX,Camp,565,-94.925599,32.934404 -94.919053,32.934404 -94.919053,32.924383 -94.925599,32.924383 -94.925599,32.934404
TX,Camp,566,-94.919053,32.934404 -94.912506,32.934404 -94.912506,32.924383 -94.919053,32.924383 -94.919053,32.934404
TX,Camp,567,-94.912506,32.934404 -94.905959,32.934404 -94.905959,32.924383 -94.912506,32.924383 -94.912506,32.934404
TX,Camp,568,-94.945239,32.924383 -94.939177,32.924383 -94.939177,32.913561 -94.945239,32.913561 -94.945239,32.924383
TX,Camp,569,-94.939177,32.924383 -94.933116,32.924383 -94.933116,32.913561 -94.939177,32.913561 -94.939177,32.924383
TX,Camp,570,-94.933116,32.924383 -94.927054,32.924383 -94.927054,32.913561 -94.933116,32.913561 -94.933116,32.924383
TX,Camp,571,-94.945239,32.913561 -94.939144,32.913561 -94.939144,32.902769 -94.945239,32.90283 -94.945239,32.913561
TX,Camp,572,-94.939144,32.913561 -94.933082,32.913561 -94.933082,32.902709 -94.939144,32.902769 -94.939144,32.913561
TX,Camp,573,-94.933082,32.913561 -94.927054,32.913561 -94.927054,32.90265 -94.933082,32.902709 -94.933082,32.913561
TX,Camp,574,-94.927054,32.924383 -94.920022,32.924383 -94.920022,32.915054 -94.927054,32.915054 -94.927054,32.924383
TX,Camp,575,-94.920022,32.924383 -94.912991,32.924383 -94.912991,32.915054 -94.920022,32.915054 -94.920022,32.924383
TX,Camp,576,-94.912991,32.924383 -94.905959,32.924383 -94.905959,32.915054 -94.912991,32.915054 -94.912991,32.924383
TX,Camp,577,-94.916503,32.915054 -94.916503,32.908836 -94.927054,32.908836 -94.927054,32.915054 -94.916503,32.915054
TX,Camp,578,-94.916503,32.908836 -94.916503,32.902611 -94.923096,32.902611 -94.927054,32.90265 -94.927054,32.908836 -94.916503,32.908836
TX,Camp,579,-94.905959,32.915054 -94.905959,32.908832 -94.916503,32.908832 -94.916503,32.915054 -94.905959,32.915054
TX,Camp,580,-94.905959,32.908832 -94.905959,32.902611 -94.916503,32.902611 -94.916503,32.908832 -94.905959,32.908832
TX,Camp,581,-94.905959,33.043445 -94.905693,33.043312 -94.902,33.040913 -94.900299,33.03791 -94.896698,33.035713 -94.894493,33.032913 -94.894438,33.032856 -94.905959,33.032856 -94.905959,33.043445
TX,Camp,582,-94.905959,33.032856 -94.898383,33.032856 -94.898383,33.024197 -94.905959,33.024197 -94.905959,33.032856
TX,Camp,583,-94.894438,33.032856 -94.892296,33.030613 -94.889297,33.029114 -94.890297,33.026211 -94.888547,33.024197 -94.898383,33.024197 -94.898383,33.032856 -94.894438,33.032856
TX,Camp,584,-94.905959,33.024197 -94.899887,33.024197 -94.899887,33.013394 -94.905959,33.013394 -94.905959,33.024197
TX,Camp,585,-94.899887,33.024197 -94.893814,33.024197 -94.893814,33.013394 -94.899887,33.013394 -94.899887,33.024197
TX,Camp,586,-94.893814,33.024197 -94.888547,33.024197 -94.888298,33.023911 -94.887715,33.023619 -94.887715,33.013394 -94.893814,33.013394 -94.893814,33.024197
TX,Camp,587,-94.905959,33.013394 -94.899878,33.013394 -94.899878,33.002607 -94.905959,33.002607 -94.905959,33.013394
TX,Camp,588,-94.899878,33.013394 -94.893796,33.013394 -94.893796,33.002607 -94.899878,33.002607 -94.899878,33.013394
TX,Camp,589,-94.893796,33.013394 -94.887715,33.013394 -94.887715,33.002607 -94.893796,33.002607 -94.893796,33.013394
TX,Camp,590,-94.905959,33.002607 -94.899878,33.002607 -94.899878,32.99182 -94.905959,32.99182 -94.905959,33.002607
TX,Camp,591,-94.899878,33.002607 -94.893796,33.002607 -94.893796,32.99182 -94.899878,32.99182 -94.899878,33.002607
TX,Camp,592,-94.893796,33.002607 -94.887715,33.002607 -94.887715,32.99182 -94.893796,32.99182 -94.893796,33.002607
TX,Camp,593,-94.887715,33.023619 -94.879898,33.019711 -94.876999,33.018711 -94.875694,33.016113 -94.874092,33.015214 -94.887715,33.015214 -94.887715,33.023619
TX,Camp,594,-94.887715,33.015214 -94.880706,33.015214 -94.880706,33.005855 -94.887715,33.005855 -94.887715,33.015214
TX,Camp,595,-94.880706,33.015214 -94.874092,33.015214 -94.873692,33.01499 -94.873692,33.005855 -94.880706,33.005855 -94.880706,33.015214
TX,Camp,596,-94.873692,33.005855 -94.873692,33.001176 -94.887715,33.001176 -94.887715,33.005855 -94.873692,33.005855
TX,Camp,597,-94.887715,33.001176 -94.880703,33.001176 -94.880703,32.99182 -94.887715,32.99182 -94.887715,33.001176
TX,Camp,598,-94.880703,33.001176 -94.873692,33.001176 -94.873692,32.99182 -94.880703,32.99182 -94.880703,33.001176
TX,Camp,599,-94.868782,33.013953 -94.868782,33.00099 -94.873692,33.00099 -94.873692,33.01499 -94.873199,33.014713 -94.868996,33.013912 -94.868782,33.013953
TX,Camp,600,-94.863879,33.014346 -94.863879,33.00099 -94.868782,33.00099 -94.868782,33.013953 -94.864799,33.014713 -94.863879,33.014346
TX,Camp,601,-94.852501,33.00099 -94.863879,33.00099 -94.863879,33.014346 -94.862297,33.013714 -94.858795,33.013313 -94.859398,33.008312 -94.861595,33.006111 -94.859497,33.003811 -94.857193,33.002613 -94.854393,33.003113 -94.852501,33.00099
TX,Camp,602,-94.873692,33.00099 -94.866538,33.00099 -94.866538,32.99182 -94.873692,32.99182 -94.873692,33.00099
TX,Camp,603,-94.866538,33.00099 -94.859384,33.00099 -94.859384,32.99182 -94.866538,32.99182 -94.866538,33.00099
TX,Camp,604,-94.859384,33.00099 -94.852501,33.00099 -94.852225,33.000679 -94.852225,32.99182 -94.859384,32.99182 -94.859384,33.00099
TX,Camp,605,-94.892526,32.99182 -94.892526,32.986937 -94.905959,32.986937 -94.905959,32.99182 -94.892526,32.99182
TX,Camp,606,-94.905959,32.986937 -94.899242,32.986937 -94.899242,32.97717 -94.905959,32.97717 -94.905959,32.986937
TX,Camp,607,-94.899242,32.986937 -94.892526,32.986937 -94.892526,32.97717 -94.899242,32.97717 -94.899242,32.986937
TX,Camp,608,-94.879092,32.99182 -94.879092,32.986937 -94.892526,32.986937 -94.892526,32.99182 -94.879092,32.99182
TX,Camp,609,-94.892526,32.986937 -94.885809,32.986937 -94.885809,32.97717 -94.892526,32.97717 -94.892526,32.986937
TX,Camp,610,-94.885809,32.986937 -94.879092,32.986937 -94.879092,32.97717 -94.885809,32.97717 -94.885809,32.986937
TX,Camp,611,-94.892526,32.97717 -94.892526,32.972287 -94.905959,32.972287 -94.905959,32.97717 -94.892526,32.97717
TX,Camp,612,-94.905959,32.972287 -94.899242,32.972287 -94.899242,32.962521 -94.905959,32.962521 -94.905959,32.972287
TX,Camp,613,-94.899242,32.972287 -94.892526,32.972287 -94.892526,32.962521 -94.899242,32.962521 -94.899242,32.972287
TX,Camp,614,-94.879092,32.97717 -94.879092,32.972287 -94.892526,32.972287 -94.892526,32.97717 -94.879092,32.97717
TX,Camp,615,-94.892526,32.972287 -94.885809,32.972287 -94.885809,32.962521 -94.892526,32.962521 -94.892526,32.972287
TX,Camp,616,-94.885809,32.972287 -94.879092,32.972287 -94.879092,32.962521 -94.885809,32.962521 -94.885809,32.972287
TX,Camp,617,-94.865658,32.99182 -94.865658,32.986937 -94.879092,32.986937 -94.879092,32.99182 -94.865658,32.99182
TX,Camp,618,-94.879092,32.986937 -94.872375,32.986937 -94.872375,32.97717 -94.879092,32.97717 -94.879092,32.986937
TX,Camp,619,-94.872375,32.986937 -94.865658,32.986937 -94.865658,32.97717 -94.872375,32.97717 -94.872375,32.986937
TX,Camp,620,-94.852225,32.99182 -94.852225,32.986937 -94.865658,32.986937 -94.865658,32.99182 -94.852225,32.99182
TX,Camp,621,-94.865658,32.986937 -94.858942,32.986937 -94.858942,32.97717 -94.865658,32.97717 -94.865658,32.986937
TX,Camp,622,-94.858942,32.986937 -94.852225,32.986937 -94.852225,32.97717 -94.858942,32.97717 -94.858942,32.986937
TX,Camp,623,-94.865658,32.97717 -94.865658,32.972287 -94.879092,32.972287 -94.879092,32.97717 -94.865658,32.97717
TX,Camp,624,-94.879092,32.972287 -94.872375,32.972287 -94.872375,32.962521 -94.879092,32.962521 -94.879092,32.972287
TX,Camp,625,-94.872375,32.972287 -94.865658,32.972287 -94.865658,32.962521 -94.872375,32.962521 -94.872375,32.972287
TX,Camp,626,-94.852225,32.97717 -94.852225,32.972287 -94.865658,32.972287 -94.865658,32.97717 -94.852225,32.97717
TX,Camp,627,-94.865658,32.972287 -94.858942,32.972287 -94.858942,32.962521 -94.865658,32.962521 -94.865658,32.972287
TX,Camp,628,-94.858942,32.972287 -94.852225,32.972287 -94.852225,32.962521 -94.858942,32.962521 -94.858942,32.972287
TX,Camp,629,-94.892526,32.962521 -94.892526,32.957637 -94.905959,32.957637 -94.905959,32.962521 -94.892526,32.962521
TX,Camp,630,-94.905959,32.957637 -94.899242,32.957637 -94.899242,32.947871 -94.905959,32.947871 -94.905959,32.957637
TX,Camp,631,-94.899242,32.957637 -94.892526,32.957637 -94.892526,32.947871 -94.899242,32.947871 -94.899242,32.957637
TX,Camp,632,-94.879092,32.962521 -94.879092,32.957637 -94.892526,32.957637 -94.892526,32.962521 -94.879092,32.962521
TX,Camp,633,-94.892526,32.957637 -94.885809,32.957637 -94.885809,32.947871 -94.892526,32.947871 -94.892526,32.957637
TX,Camp,634,-94.885809,32.957637 -94.879092,32.957637 -94.879092,32.947871 -94.885809,32.947871 -94.885809,32.957637
TX,Camp,635,-94.892526,32.947871 -94.892526,32.942988 -94.905959,32.942988 -94.905959,32.947871 -94.892526,32.947871
TX,Camp,636,-94.905959,32.942988 -94.899242,32.942988 -94.899242,32.933221 -94.905959,32.933221 -94.905959,32.942988
TX,Camp,637,-94.899242,32.942988 -94.892526,32.942988 -94.892526,32.933221 -94.899242,32.933221 -94.899242,32.942988
TX,Camp,638,-94.879092,32.947871 -94.879092,32.942988 -94.892526,32.942988 -94.892526,32.947871 -94.879092,32.947871
TX,Camp,639,-94.892526,32.942988 -94.885809,32.942988 -94.885809,32.933221 -94.892526,32.933221 -94.892526,32.942988
TX,Camp,640,-94.885809,32.942988 -94.879092,32.942988 -94.879092,32.933221 -94.885809,32.933221 -94.885809,32.942988
TX,Camp,641,-94.865658,32.962521 -94.865658,32.957637 -94.879092,32.957637 -94.879092,32.962521 -94.865658,32.962521
TX,Camp,642,-94.879092,32.957637 -94.872375,32.957637 -94.872375,32.947871 -94.879092,32.947871 -94.879092,32.957637
TX,Camp,643,-94.872375,32.957637 -94.865658,32.957637 -94.865658,32.947871 -94.872375,32.947871 -94.872375,32.957637
TX,Camp,644,-94.865658,32.962521 -94.852225,32.962521 -94.852225,32.957637 -94.865658,32.957637 -94.865658,32.962521
TX,Camp,645,-94.865658,32.957637 -94.858942,32.957637 -94.858942,32.947871 -94.865658,32.947871 -94.865658,32.957637
TX,Camp,646,-94.858942,32.957637 -94.852225,32.957637 -94.852225,32.947871 -94.858942,32.947871 -94.858942,32.957637
TX,Camp,647,-94.865658,32.947871 -94.865658,32.942988 -94.879092,32.942988 -94.879092,32.947871 -94.865658,32.947871
TX,Camp,648,-94.879092,32.942988 -94.872375,32.942988 -94.872375,32.933221 -94.879092,32.933221 -94.879092,32.942988
TX,Camp,649,-94.872375,32.942988 -94.865658,32.942988 -94.865658,32.933221 -94.872375,32.933221 -94.872375,32.942988
TX,Camp,650,-94.852225,32.947871 -94.852225,32.942988 -94.865658,32.942988 -94.865658,32.947871 -94.852225,32.947871
TX,Camp,651,-94.865658,32.942988 -94.858942,32.942988 -94.858942,32.933221 -94.865658,32.933221 -94.865658,32.942988
TX,Camp,652,-94.858942,32.942988 -94.852225,32.942988 -94.852225,32.933221 -94.858942,32.933221 -94.858942,32.942988
TX,Camp,653,-94.893101,32.933221 -94.893101,32.928119 -94.905959,32.928119 -94.905959,32.933221 -94.893101,32.933221
TX,Camp,654,-94.905959,32.928119 -94.89953,32.928119 -94.89953,32.917916 -94.905959,32.917916 -94.905959,32.928119
TX,Camp,655,-94.89953,32.928119 -94.893101,32.928119 -94.893101,32.917916 -94.89953,32.917916 -94.89953,32.928119
TX,Camp,656,-94.880242,32.933221 -94.880242,32.928119 -94.893101,32.928119 -94.893101,32.933221 -94.880242,32.933221
TX,Camp,657,-94.893101,32.928119 -94.886672,32.928119 -94.886672,32.917916 -94.893101,32.917916 -94.893101,32.928119
TX,Camp,658,-94.886672,32.928119 -94.880242,32.928119 -94.880242,32.917916 -94.886672,32.917916 -94.886672,32.928119
TX,Camp,659,-94.893101,32.917916 -94.893101,32.912814 -94.905959,32.912814 -94.905959,32.917916 -94.893101,32.917916
TX,Camp,660,-94.905959,32.912814 -94.89953,32.912814 -94.89953,32.902611 -94.905959,32.902611 -94.905959,32.912814
TX,Camp,661,-94.89953,32.912814 -94.893101,32.912814 -94.893101,32.902611 -94.89953,32.902611 -94.89953,32.912814
TX,Camp,662,-94.880242,32.917916 -94.880242,32.912814 -94.893101,32.912814 -94.893101,32.917916 -94.880242,32.917916
TX,Camp,663,-94.893101,32.912814 -94.886672,32.912814 -94.886672,32.902611 -94.893101,32.902611 -94.893101,32.912814
TX,Camp,664,-94.886672,32.912814 -94.880242,32.912814 -94.880242,32.902611 -94.886672,32.902611 -94.886672,32.912814
TX,Camp,665,-94.866234,32.933221 -94.866234,32.928538 -94.880242,32.928538 -94.880242,32.933221 -94.866234,32.933221
TX,Camp,666,-94.880242,32.928538 -94.873238,32.928538 -94.873238,32.919173 -94.880242,32.919173 -94.880242,32.928538
TX,Camp,667,-94.873238,32.928538 -94.866234,32.928538 -94.866234,32.919173 -94.873238,32.919173 -94.873238,32.928538
TX,Camp,668,-94.852225,32.933221 -94.852225,32.928538 -94.866234,32.928538 -94.866234,32.933221 -94.852225,32.933221
TX,Camp,669,-94.866234,32.928538 -94.859229,32.928538 -94.859229,32.919173 -94.866234,32.919173 -94.866234,32.928538
TX,Camp,670,-94.859229,32.928538 -94.852225,32.928538 -94.852225,32.919173 -94.859229,32.919173 -94.859229,32.928538
TX,Camp,671,-94.868324,32.919173 -94.868324,32.913668 -94.880242,32.913668 -94.880242,32.919173 -94.868324,32.919173
TX,Camp,672,-94.880242,32.913668 -94.874309,32.913668 -94.874309,32.902633 -94.875198,32.902611 -94.880242,32.902611 -94.880242,32.913668
TX,Camp,673,-94.874309,32.913668 -94.868324,32.913668 -94.868324,32.90278 -94.874309,32.902633 -94.874309,32.913668
TX,Camp,674,-94.868324,32.919173 -94.860275,32.919173 -94.860275,32.911023 -94.868324,32.911023 -94.868324,32.919173
TX,Camp,675,-94.860275,32.919173 -94.852225,32.919173 -94.852225,32.911023 -94.860275,32.911023 -94.860275,32.919173
TX,Camp,676,-94.868324,32.911023 -94.860312,32.911023 -94.860312,32.902875 -94.866997,32.902813 -94.868324,32.90278 -94.868324,32.911023
TX,Camp,677,-94.860312,32.911023 -94.852225,32.911023 -94.852225,32.902949 -94.860312,32.902875 -94.860312,32.911023
TX,Camp,678,-94.852225,33.000679 -94.851898,33.000313 -94.848793,32.998112 -94.8461,32.995712 -94.843697,32.996311 -94.838321,32.992825 -94.838321,32.99173 -94.852225,32.99173 -94.852225,33.000679
TX,Camp,679,-94.852225,32.99173 -94.845273,32.99173 -94.845273,32.982294 -94.852225,32.982294 -94.852225,32.99173
TX,Camp,680,-94.845273,32.99173 -94.838321,32.99173 -94.838321,32.982294 -94.845273,32.982294 -94.845273,32.99173
TX,Camp,681,-94.838321,32.982294 -94.838321,32.977576 -94.852225,32.977576 -94.852225,32.982294 -94.838321,32.982294
TX,Camp,682,-94.852225,32.977576 -94.845273,32.977576 -94.845273,32.96814 -94.852225,32.96814 -94.852225,32.977576
TX,Camp,683,-94.845273,32.977576 -94.838321,32.977576 -94.838321,32.96814 -94.845273,32.96814 -94.845273,32.977576
TX,Camp,684,-94.838321,32.992825 -94.836296,32.991512 -94.833651,32.988581 -94.833651,32.976919 -94.838321,32.976919 -94.838321,32.992825
TX,Camp,685,-94.833651,32.988581 -94.832596,32.987411 -94.830498,32.988312 -94.829498,32.986313 -94.827995,32.984413 -94.826977,32.984898 -94.826977,32.976919 -94.833651,32.976919 -94.833651,32.988581
TX,Camp,686,-94.826977,32.976919 -94.826977,32.984898 -94.825897,32.985413 -94.824097,32.984711 -94.822197,32.983414 -94.82,32.982712 -94.816597,32.980713 -94.817696,32.978012 -94.815905,32.977339 -94.815905,32.976919 -94.826977,32.976919
TX,Camp,687,-94.838321,32.976919 -94.830849,32.976919 -94.830849,32.96814 -94.838321,32.96814 -94.838321,32.976919
TX,Camp,688,-94.830849,32.976919 -94.823377,32.976919 -94.823377,32.96814 -94.830849,32.96814 -94.830849,32.976919
TX,Camp,689,-94.823377,32.976919 -94.815905,32.976919 -94.815905,32.96814 -94.823377,32.96814 -94.823377,32.976919
TX,Camp,690,-94.852225,32.96814 -94.846172,32.96814 -94.846172,32.957303 -94.852225,32.957303 -94.852225,32.96814
TX,Camp,691,-94.846172,32.96814 -94.840118,32.96814 -94.840118,32.957303 -94.846172,32.957303 -94.846172,32.96814
TX,Camp,692,-94.840118,32.96814 -94.834065,32.96814 -94.834065,32.957303 -94.840118,32.957303 -94.840118,32.96814
TX,Camp,693,-94.852225,32.957303 -94.846172,32.957303 -94.846172,32.946465 -94.852225,32.946465 -94.852225,32.957303
TX,Camp,694,-94.846172,32.957303 -94.840118,32.957303 -94.840118,32.946465 -94.846172,32.946465 -94.846172,32.957303
TX,Camp,695,-94.840118,32.957303 -94.834065,32.957303 -94.834065,32.946465 -94.840118,32.946465 -94.840118,32.957303
TX,Camp,696,-94.834065,32.96814 -94.828012,32.96814 -94.828012,32.957303 -94.834065,32.957303 -94.834065,32.96814
TX,Camp,697,-94.828012,32.96814 -94.821959,32.96814 -94.821959,32.957303 -94.828012,32.957303 -94.828012,32.96814
TX,Camp,698,-94.821959,32.96814 -94.815905,32.96814 -94.815905,32.957303 -94.821959,32.957303 -94.821959,32.96814
TX,Camp,699,-94.834065,32.957303 -94.828012,32.957303 -94.828012,32.946465 -94.834065,32.946465 -94.834065,32.957303
TX,Camp,700,-94.828012,32.957303 -94.821959,32.957303 -94.821959,32.946465 -94.828012,32.946465 -94.828012,32.957303
TX,Camp,701,-94.821959,32.957303 -94.815905,32.957303 -94.815905,32.946465 -94.821959,32.946465 -94.821959,32.957303
TX,Camp,702,-94.852225,32.946465 -94.846172,32.946465 -94.846172,32.935628 -94.852225,32.935628 -94.852225,32.946465
TX,Camp,703,-94.846172,32.946465 -94.840118,32.946465 -94.840118,32.935628 -94.846172,32.935628 -94.846172,32.946465
TX,Camp,704,-94.840118,32.946465 -94.834065,32.946465 -94.834065,32.935628 -94.840118,32.935628 -94.840118,32.946465
TX,Camp,705,-94.852225,32.935628 -94.846172,32.935628 -94.846172,32.924791 -94.852225,32.924791 -94.852225,32.935628
TX,Camp,706,-94.846172,32.935628 -94.840118,32.935628 -94.840118,32.924791 -94.846172,32.924791 -94.846172,32.935628
TX,Camp,707,-94.840118,32.935628 -94.834065,32.935628 -94.834065,32.924791 -94.840118,32.924791 -94.840118,32.935628
TX,Camp,708,-94.834065,32.946465 -94.828012,32.946465 -94.828012,32.935628 -94.834065,32.935628 -94.834065,32.946465
TX,Camp,709,-94.828012,32.946465 -94.821959,32.946465 -94.821959,32.935628 -94.828012,32.935628 -94.828012,32.946465
TX,Camp,710,-94.821959,32.946465 -94.815905,32.946465 -94.815905,32.935628 -94.821959,32.935628 -94.821959,32.946465
TX,Camp,711,-94.834065,32.935628 -94.828012,32.935628 -94.828012,32.924791 -94.834065,32.924791 -94.834065,32.935628
TX,Camp,712,-94.828012,32.935628 -94.821959,32.935628 -94.821959,32.924791 -94.828012,32.924791 -94.828012,32.935628
TX,Camp,713,-94.821959,32.935628 -94.815905,32.935628 -94.815905,32.924791 -94.821959,32.924791 -94.821959,32.935628
TX,Camp,714,-94.852225,32.924791 -94.846195,32.924791 -94.846195,32.913912 -94.852225,32.913912 -94.852225,32.924791
TX,Camp,715,-94.846195,32.924791 -94.840165,32.924791 -94.840165,32.913912 -94.846195,32.913912 -94.846195,32.924791
TX,Camp,716,-94.840165,32.924791 -94.834135,32.924791 -94.834135,32.913912 -94.840165,32.913912 -94.840165,32.924791
TX,Camp,717,-94.852225,32.902949 -94.852225,32.913912 -94.846226,32.913912 -94.846226,32.903005 -94.852225,32.902949
TX,Camp,718,-94.846226,32.913912 -94.840196,32.913912 -94.840196,32.90306 -94.846226,32.903005 -94.846226,32.913912
TX,Camp,719,-94.840196,32.913912 -94.834135,32.913912 -94.834135,32.903116 -94.840196,32.90306 -94.840196,32.913912
TX,Camp,720,-94.834135,32.924791 -94.828059,32.924791 -94.828059,32.913996 -94.834135,32.913996 -94.834135,32.924791
TX,Camp,721,-94.828059,32.924791 -94.821982,32.924791 -94.821982,32.913996 -94.828059,32.913996 -94.828059,32.924791
TX,Camp,722,-94.821982,32.924791 -94.815905,32.924791 -94.815905,32.913996 -94.821982,32.913996 -94.821982,32.924791
TX,Camp,723,-94.834135,32.913996 -94.82809,32.913996 -94.82809,32.903172 -94.834135,32.903116 -94.834135,32.913996
TX,Camp,724,-94.82809,32.913996 -94.822014,32.913996 -94.822014,32.903228 -94.82809,32.903172 -94.82809,32.913996
TX,Camp,725,-94.822014,32.913996 -94.815905,32.913996 -94.815905,32.903284 -94.822014,32.903228 -94.822014,32.913996
TX,Camp,726,-94.815905,32.977339 -94.8153,32.977112 -94.812698,32.975811 -94.811754,32.97422 -94.811754,32.960443 -94.815905,32.960443 -94.815905,32.977339
TX,Camp,727,-94.811754,32.97422 -94.811394,32.973614 -94.808899,32.971813 -94.80615,32.971001 -94.80615,32.960443 -94.811754,32.960443 -94.811754,32.97422
TX,Camp,728,-94.80615,32.971001 -94.804497,32.970512 -94.803093,32.967113 -94.801399,32.965813 -94.798798,32.964813 -94.797798,32.963211 -94.796494,32.962112 -94.793495,32.962112 -94.791757,32.961623 -94.791757,32.960443 -94.80615,32.960443 -94.80615,32.971001
TX,Camp,729,-94.815905,32.960443 -94.807856,32.960443 -94.807856,32.952294 -94.815905,32.952294 -94.815905,32.960443
TX,Camp,730,-94.807856,32.960443 -94.799807,32.960443 -94.799807,32.952294 -94.807856,32.952294 -94.807856,32.960443
TX,Camp,731,-94.799807,32.960443 -94.791757,32.960443 -94.791757,32.952294 -94.799807,32.952294 -94.799807,32.960443
TX,Camp,732,-94.803831,32.952294 -94.803831,32.946861 -94.815905,32.946861 -94.815905,32.952294 -94.803831,32.952294
TX,Camp,733,-94.815905,32.946861 -94.809868,32.946861 -94.809868,32.935994 -94.815905,32.935994 -94.815905,32.946861
TX,Camp,734,-94.809868,32.946861 -94.803831,32.946861 -94.803831,32.935994 -94.809868,32.935994 -94.809868,32.946861
TX,Camp,735,-94.791757,32.952294 -94.791757,32.946861 -94.803831,32.946861 -94.803831,32.952294 -94.791757,32.952294
TX,Camp,736,-94.803831,32.946861 -94.797794,32.946861 -94.797794,32.935994 -94.803831,32.935994 -94.803831,32.946861
TX,Camp,737,-94.797794,32.946861 -94.791757,32.946861 -94.791757,32.935994 -94.797794,32.935994 -94.797794,32.946861
TX,Camp,738,-94.803831,32.935994 -94.803831,32.930561 -94.815905,32.930561 -94.815905,32.935994 -94.803831,32.935994
TX,Camp,739,-94.815905,32.930561 -94.809868,32.930561 -94.809868,32.919695 -94.815905,32.919695 -94.815905,32.930561
TX,Camp,740,-94.809868,32.930561 -94.803831,32.930561 -94.803831,32.919695 -94.809868,32.919695 -94.809868,32.930561
TX,Camp,741,-94.791757,32.935994 -94.791757,32.930561 -94.803831,32.930561 -94.803831,32.935994 -94.791757,32.935994
TX,Camp,742,-94.803831,32.930561 -94.797794,32.930561 -94.797794,32.919695 -94.803831,32.919695 -94.803831,32.930561
TX,Camp,743,-94.797794,32.930561 -94.791757,32.930561 -94.791757,32.919695 -94.797794,32.919695 -94.797794,32.930561
TX,Camp,744,-94.803872,32.919695 -94.803872,32.914243 -94.815905,32.914243 -94.815905,32.919695 -94.803872,32.919695
TX,Camp,745,-94.815905,32.914243 -94.809904,32.914243 -94.809904,32.90334 -94.815905,32.903284 -94.815905,32.914243
TX,Camp,746,-94.809904,32.914243 -94.803872,32.914243 -94.803872,32.903395 -94.809904,32.90334 -94.809904,32.914243
TX,Camp,747,-94.791757,32.919695 -94.791757,32.914281 -94.803872,32.914281 -94.803872,32.919695 -94.791757,32.919695
TX,Camp,748,-94.803872,32.914281 -94.79783,32.914281 -94.79783,32.903451 -94.803872,32.903395 -94.803872,32.914281
TX,Camp,749,-94.79783,32.914281 -94.791757,32.914281 -94.791757,32.903507 -94.79783,32.903451 -94.79783,32.914281
TX,Camp,750,-94.791757,32.961623 -94.789597,32.961014 -94.786797,32.958813 -94.786095,32.956814 -94.785896,32.953712 -94.7827,32.951111 -94.782114,32.950125 -94.791757,32.950125 -94.791757,32.961623
TX,Camp,751,-94.791757,32.950125 -94.784865,32.950125 -94.784865,32.940607 -94.791757,32.940607 -94.791757,32.950125
TX,Camp,752,-94.784865,32.950125 -94.782114,32.950125 -94.781097,32.948414 -94.778999,32.946712 -94.775807,32.944535 -94.775807,32.940607 -94.784865,32.940607 -94.784865,32.950125
TX,Camp,753,-94.791757,32.940607 -94.78644,32.940607 -94.78644,32.928269 -94.791757,32.928269 -94.791757,32.940607
TX,Camp,754,-94.775807,32.940607 -94.775807,32.934438 -94.78644,32.934438 -94.78644,32.940607 -94.775807,32.940607
TX,Camp,755,-94.775807,32.934438 -94.775807,32.928269 -94.78644,32.928269 -94.78644,32.934438 -94.775807,32.934438
TX,Camp,756,-94.791757,32.928269 -94.78644,32.928269 -94.78644,32.91593 -94.791757,32.91593 -94.791757,32.928269
TX,Camp,757,-94.775807,32.928269 -94.775807,32.922099 -94.78644,32.922099 -94.78644,32.928269 -94.775807,32.928269
TX,Camp,758,-94.775807,32.922099 -94.775807,32.91593 -94.78644,32.91593 -94.78644,32.922099 -94.775807,32.922099
TX,Camp,759,-94.791757,32.91593 -94.786466,32.91593 -94.786466,32.903556 -94.791757,32.903507 -94.791757,32.91593
TX,Camp,760,-94.775807,32.91593 -94.775807,32.909776 -94.786466,32.909776 -94.786466,32.91593 -94.775807,32.91593
TX,Camp,761,-94.775807,32.909776 -94.775807,32.903727 -94.780594,32.90361 -94.786466,32.903556 -94.786466,32.909776 -94.775807,32.909776
TX,Camp,762,-94.775807,32.944535 -94.774895,32.943913 -94.7743,32.940311 -94.775696,32.938213 -94.775597,32.936512 -94.774994,32.934414 -94.771996,32.934113 -94.771095,32.931713 -94.771095,32.929913 -94.770699,32.927711 -94.768097,32.926014 -94.765297,32.925114 -94.764602,32.92432 -94.775807,32.92432 -94.775807,32.944535
TX,Camp,763,-94.775807,32.92432 -94.768156,32.92432 -94.768156,32.915746 -94.775807,32.915746 -94.775807,32.92432
TX,Camp,764,-94.768156,32.92432 -94.764602,32.92432 -94.763893,32.923512 -94.761398,32.921913 -94.759281,32.920879 -94.759281,32.915746 -94.768156,32.915746 -94.768156,32.92432
TX,Camp,765,-94.775807,32.915746 -94.770319,32.915746 -94.770319,32.90386 -94.775807,32.903727 -94.775807,32.915746
TX,Camp,766,-94.770319,32.915746 -94.759281,32.915746 -94.759281,32.909803 -94.770319,32.909803 -94.770319,32.915746
TX,Camp,767,-94.770319,32.909803 -94.759281,32.909803 -94.759281,32.903854 -94.761696,32.903812 -94.768196,32.903912 -94.770319,32.90386 -94.770319,32.909803
TX,Camp,768,-94.759281,32.920879 -94.757095,32.919811 -94.752197,32.918613 -94.748795,32.920914 -94.747299,32.919014 -94.746735,32.919033 -94.746735,32.914412 -94.759281,32.914412 -94.759281,32.920879
TX,Camp,769,-94.759281,32.914412 -94.753035,32.914412 -94.753035,32.903962 -94.759281,32.903854 -94.759281,32.914412
TX,Camp,770,-94.753035,32.914412 -94.746735,32.914412 -94.746735,32.904011 -94.750198,32.904011 -94.753035,32.903962 -94.753035,32.914412
TX,Camp,771,-94.744293,32.919113 -94.740799,32.918713 -94.7379,32.917313 -94.737767,32.917187 -94.737767,32.911326 -94.746735,32.911326 -94.746735,32.919033 -94.744293,32.919113
TX,Camp,772,-94.737767,32.911326 -94.737767,32.904011 -94.746735,32.904011 -94.746735,32.911326 -94.737767,32.911326
TX,Camp,773,-94.737767,32.917187 -94.736099,32.915611 -94.735596,32.913113 -94.73124,32.913343 -94.73124,32.904163 -94.736794,32.904011 -94.737767,32.904011 -94.737767,32.917187
