State,County,Original ID, polygon Point Coordinates
NA,NA,NA,,
TX,Rockwall,1,-96.516998,32.975811 -96.516594,32.982311 -96.510467,32.982116 -96.510467,32.971979 -96.516998,32.971979 -96.516998,32.975811
TX,Rockwall,2,-96.510467,32.982116 -96.503998,32.981911 -96.503933,32.98191 -96.503933,32.971979 -96.510467,32.971979 -96.510467,32.982116
TX,Rockwall,3,-96.516998,32.971979 -96.510465,32.971979 -96.510465,32.961942 -96.516998,32.961942 -96.516998,32.971979
TX,Rockwall,4,-96.510465,32.971979 -96.503933,32.971979 -96.503933,32.961942 -96.510465,32.961942 -96.510465,32.971979
TX,Rockwall,5,-96.503933,32.98191 -96.497365,32.981882 -96.497365,32.971912 -96.503933,32.971912 -96.503933,32.98191
TX,Rockwall,6,-96.497365,32.981882 -96.49078,32.981854 -96.49078,32.971912 -96.497365,32.971912 -96.497365,32.981882
TX,Rockwall,7,-96.503933,32.971912 -96.497356,32.971912 -96.497356,32.961942 -96.503933,32.961942 -96.503933,32.971912
TX,Rockwall,8,-96.497356,32.971912 -96.49078,32.971912 -96.49078,32.961942 -96.497356,32.961942 -96.497356,32.971912
TX,Rockwall,9,-96.517112,32.950667 -96.516998,32.959011 -96.516998,32.961942 -96.511225,32.961942 -96.511225,32.950667 -96.517112,32.950667
TX,Rockwall,10,-96.511225,32.961942 -96.50541,32.961942 -96.50541,32.950667 -96.511225,32.950667 -96.511225,32.961942
TX,Rockwall,11,-96.517264,32.939533 -96.517112,32.950667 -96.511299,32.950667 -96.511299,32.939533 -96.517264,32.939533
TX,Rockwall,12,-96.511299,32.950667 -96.50541,32.950667 -96.50541,32.939533 -96.511299,32.939533 -96.511299,32.950667
TX,Rockwall,13,-96.50541,32.961942 -96.498095,32.961942 -96.498095,32.952978 -96.50541,32.952978 -96.50541,32.961942
TX,Rockwall,14,-96.498095,32.961942 -96.49078,32.961942 -96.49078,32.952978 -96.498095,32.952978 -96.498095,32.961942
TX,Rockwall,15,-96.50541,32.952978 -96.500533,32.952978 -96.500533,32.939533 -96.50541,32.939533 -96.50541,32.952978
TX,Rockwall,16,-96.49078,32.952978 -96.49078,32.946256 -96.500533,32.946256 -96.500533,32.952978 -96.49078,32.952978
TX,Rockwall,17,-96.49078,32.946256 -96.49078,32.939533 -96.500533,32.939533 -96.500533,32.946256 -96.49078,32.946256
TX,Rockwall,18,-96.49078,32.981854 -96.48458,32.981828 -96.48458,32.971265 -96.49078,32.971265 -96.49078,32.981854
TX,Rockwall,19,-96.48458,32.981828 -96.480797,32.981812 -96.478368,32.981831 -96.478368,32.971265 -96.48458,32.971265 -96.48458,32.981828
TX,Rockwall,20,-96.49078,32.971265 -96.484574,32.971265 -96.484574,32.960699 -96.49078,32.960699 -96.49078,32.971265
TX,Rockwall,21,-96.484574,32.971265 -96.478368,32.971265 -96.478368,32.960699 -96.484574,32.960699 -96.484574,32.971265
TX,Rockwall,22,-96.478368,32.981831 -96.470605,32.981893 -96.470605,32.973416 -96.478368,32.973416 -96.478368,32.981831
TX,Rockwall,23,-96.470605,32.981893 -96.462899,32.981955 -96.462899,32.973416 -96.470605,32.973416 -96.470605,32.981893
TX,Rockwall,24,-96.478368,32.973416 -96.473212,32.973416 -96.473212,32.960699 -96.478368,32.960699 -96.478368,32.973416
TX,Rockwall,25,-96.462899,32.973416 -96.462899,32.967057 -96.473212,32.967057 -96.473212,32.973416 -96.462899,32.973416
TX,Rockwall,26,-96.462899,32.967057 -96.462899,32.960699 -96.473212,32.960699 -96.473212,32.967057 -96.462899,32.967057
TX,Rockwall,27,-96.49078,32.960699 -96.484584,32.960699 -96.484584,32.950116 -96.49078,32.950116 -96.49078,32.960699
TX,Rockwall,28,-96.484584,32.960699 -96.478388,32.960699 -96.478388,32.950116 -96.484584,32.950116 -96.484584,32.960699
TX,Rockwall,29,-96.49078,32.950116 -96.484584,32.950116 -96.484584,32.939533 -96.49078,32.939533 -96.49078,32.950116
TX,Rockwall,30,-96.484584,32.950116 -96.478388,32.950116 -96.478388,32.939533 -96.484584,32.939533 -96.484584,32.950116
TX,Rockwall,31,-96.478388,32.960699 -96.470644,32.960699 -96.470644,32.952233 -96.478388,32.952233 -96.478388,32.960699
TX,Rockwall,32,-96.470644,32.960699 -96.462899,32.960699 -96.462899,32.952233 -96.470644,32.952233 -96.470644,32.960699
TX,Rockwall,33,-96.478388,32.952233 -96.473225,32.952233 -96.473225,32.939533 -96.478388,32.939533 -96.478388,32.952233
TX,Rockwall,34,-96.462899,32.952233 -96.462899,32.945883 -96.473225,32.945883 -96.473225,32.952233 -96.462899,32.952233
TX,Rockwall,35,-96.462899,32.945883 -96.462899,32.939533 -96.473225,32.939533 -96.473225,32.945883 -96.462899,32.945883
TX,Rockwall,36,-96.517401,32.929518 -96.517395,32.929913 -96.517264,32.939533 -96.510785,32.939533 -96.510785,32.929518 -96.517401,32.929518
TX,Rockwall,37,-96.510785,32.939533 -96.504238,32.939533 -96.504238,32.929518 -96.510785,32.929518 -96.510785,32.939533
TX,Rockwall,38,-96.5177,32.920212 -96.517494,32.923111 -96.517401,32.929518 -96.510872,32.929518 -96.510872,32.919634 -96.5177,32.919634 -96.5177,32.920212
TX,Rockwall,39,-96.510872,32.929518 -96.504238,32.929518 -96.504238,32.919634 -96.510872,32.919634 -96.510872,32.929518
TX,Rockwall,40,-96.504238,32.939533 -96.497648,32.939533 -96.497648,32.929584 -96.504238,32.929584 -96.504238,32.939533
TX,Rockwall,41,-96.497648,32.939533 -96.491057,32.939533 -96.491057,32.929584 -96.497648,32.929584 -96.497648,32.939533
TX,Rockwall,42,-96.504238,32.929584 -96.497648,32.929584 -96.497648,32.919634 -96.504238,32.919634 -96.504238,32.929584
TX,Rockwall,43,-96.497648,32.929584 -96.491057,32.929584 -96.491057,32.919634 -96.497648,32.919634 -96.497648,32.929584
TX,Rockwall,44,-96.517846,32.908509 -96.5177,32.913914 -96.5177,32.919634 -96.511842,32.919634 -96.511842,32.908509 -96.517846,32.908509
TX,Rockwall,45,-96.511842,32.919634 -96.505948,32.919634 -96.505948,32.908509 -96.511842,32.908509 -96.511842,32.919634
TX,Rockwall,46,-96.518097,32.899212 -96.517846,32.908509 -96.511969,32.908509 -96.511969,32.897618 -96.518097,32.897618 -96.518097,32.899212
TX,Rockwall,47,-96.511969,32.908509 -96.505948,32.908509 -96.505948,32.897618 -96.511969,32.897618 -96.511969,32.908509
TX,Rockwall,48,-96.505948,32.919634 -96.498503,32.919634 -96.498503,32.910828 -96.505948,32.910828 -96.505948,32.919634
TX,Rockwall,49,-96.498503,32.919634 -96.491057,32.919634 -96.491057,32.910828 -96.498503,32.910828 -96.498503,32.919634
TX,Rockwall,50,-96.505948,32.910828 -96.500985,32.910828 -96.500985,32.897618 -96.505948,32.897618 -96.505948,32.910828
TX,Rockwall,51,-96.491057,32.910828 -96.491057,32.904223 -96.500985,32.904223 -96.500985,32.910828 -96.491057,32.910828
TX,Rockwall,52,-96.491057,32.904223 -96.491057,32.897618 -96.500985,32.897618 -96.500985,32.904223 -96.491057,32.904223
TX,Rockwall,53,-96.491057,32.939533 -96.4848,32.939533 -96.4848,32.929054 -96.491057,32.929054 -96.491057,32.939533
TX,Rockwall,54,-96.4848,32.939533 -96.478543,32.939533 -96.478543,32.929054 -96.4848,32.929054 -96.4848,32.939533
TX,Rockwall,55,-96.491057,32.929054 -96.4848,32.929054 -96.4848,32.918576 -96.491057,32.918576 -96.491057,32.929054
TX,Rockwall,56,-96.4848,32.929054 -96.478543,32.929054 -96.478543,32.918576 -96.4848,32.918576 -96.4848,32.929054
TX,Rockwall,57,-96.478543,32.939533 -96.470721,32.939533 -96.470721,32.93115 -96.478543,32.93115 -96.478543,32.939533
TX,Rockwall,58,-96.470721,32.939533 -96.462899,32.939533 -96.462899,32.93115 -96.470721,32.93115 -96.470721,32.939533
TX,Rockwall,59,-96.478543,32.93115 -96.473328,32.93115 -96.473328,32.918576 -96.478543,32.918576 -96.478543,32.93115
TX,Rockwall,60,-96.462899,32.93115 -96.462899,32.924863 -96.473328,32.924863 -96.473328,32.93115 -96.462899,32.93115
TX,Rockwall,61,-96.462899,32.924863 -96.462899,32.918576 -96.473328,32.918576 -96.473328,32.924863 -96.462899,32.924863
TX,Rockwall,62,-96.491057,32.918576 -96.4848,32.918576 -96.4848,32.908097 -96.491057,32.908097 -96.491057,32.918576
TX,Rockwall,63,-96.4848,32.918576 -96.478543,32.918576 -96.478543,32.908097 -96.4848,32.908097 -96.4848,32.918576
TX,Rockwall,64,-96.491057,32.908097 -96.4848,32.908097 -96.4848,32.897618 -96.491057,32.897618 -96.491057,32.908097
TX,Rockwall,65,-96.4848,32.908097 -96.478543,32.908097 -96.478543,32.897618 -96.4848,32.897618 -96.4848,32.908097
TX,Rockwall,66,-96.478543,32.918576 -96.470721,32.918576 -96.470721,32.910193 -96.478543,32.910193 -96.478543,32.918576
TX,Rockwall,67,-96.470721,32.918576 -96.462899,32.918576 -96.462899,32.910193 -96.470721,32.910193 -96.470721,32.918576
TX,Rockwall,68,-96.478543,32.910193 -96.473328,32.910193 -96.473328,32.897618 -96.478543,32.897618 -96.478543,32.910193
TX,Rockwall,69,-96.462899,32.910193 -96.462899,32.903905 -96.473328,32.903905 -96.473328,32.910193 -96.462899,32.910193
TX,Rockwall,70,-96.462899,32.903905 -96.462899,32.897618 -96.473328,32.897618 -96.473328,32.903905 -96.462899,32.903905
TX,Rockwall,71,-96.462899,32.981955 -96.456172,32.982009 -96.456172,32.972236 -96.462899,32.972236 -96.462899,32.981955
TX,Rockwall,72,-96.456172,32.982009 -96.449481,32.982063 -96.449481,32.972236 -96.456172,32.972236 -96.456172,32.982009
TX,Rockwall,73,-96.462899,32.972236 -96.45619,32.972236 -96.45619,32.962463 -96.462899,32.962463 -96.462899,32.972236
TX,Rockwall,74,-96.45619,32.972236 -96.449481,32.972236 -96.449481,32.962463 -96.45619,32.962463 -96.45619,32.972236
TX,Rockwall,75,-96.449481,32.982063 -96.443298,32.982113 -96.442797,32.982111 -96.442797,32.972279 -96.449481,32.972279 -96.449481,32.982063
TX,Rockwall,76,-96.442797,32.982111 -96.436121,32.982088 -96.436121,32.972279 -96.442797,32.972279 -96.442797,32.982111
TX,Rockwall,77,-96.449481,32.972279 -96.442801,32.972279 -96.442801,32.962463 -96.449481,32.962463 -96.449481,32.972279
TX,Rockwall,78,-96.442801,32.972279 -96.436121,32.972279 -96.436121,32.962463 -96.442801,32.962463 -96.442801,32.972279
TX,Rockwall,79,-96.462899,32.962463 -96.456948,32.962463 -96.456948,32.951445 -96.462899,32.951445 -96.462899,32.962463
TX,Rockwall,80,-96.456948,32.962463 -96.450998,32.962463 -96.450998,32.951445 -96.456948,32.951445 -96.456948,32.962463
TX,Rockwall,81,-96.462899,32.951445 -96.456948,32.951445 -96.456948,32.940426 -96.462899,32.940426 -96.462899,32.951445
TX,Rockwall,82,-96.456948,32.951445 -96.450998,32.951445 -96.450998,32.940426 -96.456948,32.940426 -96.456948,32.951445
TX,Rockwall,83,-96.450998,32.962463 -96.443559,32.962463 -96.443559,32.953649 -96.450998,32.953649 -96.450998,32.962463
TX,Rockwall,84,-96.443559,32.962463 -96.436121,32.962463 -96.436121,32.953649 -96.443559,32.953649 -96.443559,32.962463
TX,Rockwall,85,-96.450998,32.953649 -96.446039,32.953649 -96.446039,32.940426 -96.450998,32.940426 -96.450998,32.953649
TX,Rockwall,86,-96.436121,32.953649 -96.436121,32.947038 -96.446039,32.947038 -96.446039,32.953649 -96.436121,32.953649
TX,Rockwall,87,-96.436121,32.947038 -96.436121,32.940426 -96.446039,32.940426 -96.446039,32.947038 -96.436121,32.947038
TX,Rockwall,88,-96.436121,32.982088 -96.429833,32.982067 -96.429833,32.97165 -96.436121,32.97165 -96.436121,32.982088
TX,Rockwall,89,-96.429833,32.982067 -96.423532,32.982045 -96.423532,32.97165 -96.429833,32.97165 -96.429833,32.982067
TX,Rockwall,90,-96.436121,32.97165 -96.429826,32.97165 -96.429826,32.961233 -96.436121,32.961233 -96.436121,32.97165
TX,Rockwall,91,-96.429826,32.97165 -96.423532,32.97165 -96.423532,32.961233 -96.429826,32.961233 -96.429826,32.97165
TX,Rockwall,92,-96.423532,32.982045 -96.415658,32.982018 -96.415658,32.973704 -96.423532,32.973704 -96.423532,32.982045
TX,Rockwall,93,-96.415658,32.982018 -96.407759,32.981991 -96.407759,32.973704 -96.415658,32.973704 -96.415658,32.982018
TX,Rockwall,94,-96.423532,32.973704 -96.418274,32.973704 -96.418274,32.961233 -96.423532,32.961233 -96.423532,32.973704
TX,Rockwall,95,-96.407759,32.973704 -96.407759,32.967469 -96.418274,32.967469 -96.418274,32.973704 -96.407759,32.973704
TX,Rockwall,96,-96.407759,32.967469 -96.407759,32.961233 -96.418274,32.961233 -96.418274,32.967469 -96.407759,32.967469
TX,Rockwall,97,-96.436121,32.961233 -96.429818,32.961233 -96.429818,32.95083 -96.436121,32.95083 -96.436121,32.961233
TX,Rockwall,98,-96.429818,32.961233 -96.423515,32.961233 -96.423515,32.95083 -96.429818,32.95083 -96.429818,32.961233
TX,Rockwall,99,-96.436121,32.95083 -96.429818,32.95083 -96.429818,32.940426 -96.436121,32.940426 -96.436121,32.95083
TX,Rockwall,100,-96.429818,32.95083 -96.423515,32.95083 -96.423515,32.940426 -96.429818,32.940426 -96.429818,32.95083
TX,Rockwall,101,-96.423515,32.961233 -96.415637,32.961233 -96.415637,32.95291 -96.423515,32.95291 -96.423515,32.961233
TX,Rockwall,102,-96.415637,32.961233 -96.407759,32.961233 -96.407759,32.95291 -96.415637,32.95291 -96.415637,32.961233
TX,Rockwall,103,-96.423515,32.95291 -96.418263,32.95291 -96.418263,32.940426 -96.423515,32.940426 -96.423515,32.95291
TX,Rockwall,104,-96.407759,32.95291 -96.407759,32.946668 -96.418263,32.946668 -96.418263,32.95291 -96.407759,32.95291
TX,Rockwall,105,-96.407759,32.946668 -96.407759,32.940426 -96.418263,32.940426 -96.418263,32.946668 -96.407759,32.946668
TX,Rockwall,106,-96.462899,32.940426 -96.456773,32.940426 -96.456773,32.929724 -96.462899,32.929724 -96.462899,32.940426
TX,Rockwall,107,-96.456773,32.940426 -96.450646,32.940426 -96.450646,32.929724 -96.456773,32.929724 -96.456773,32.940426
TX,Rockwall,108,-96.462899,32.929724 -96.456773,32.929724 -96.456773,32.919022 -96.462899,32.919022 -96.462899,32.929724
TX,Rockwall,109,-96.456773,32.929724 -96.450646,32.929724 -96.450646,32.919022 -96.456773,32.919022 -96.456773,32.929724
TX,Rockwall,110,-96.450646,32.940426 -96.442987,32.940426 -96.442987,32.931865 -96.450646,32.931865 -96.450646,32.940426
TX,Rockwall,111,-96.442987,32.940426 -96.435329,32.940426 -96.435329,32.931865 -96.442987,32.931865 -96.442987,32.940426
TX,Rockwall,112,-96.450646,32.931865 -96.44554,32.931865 -96.44554,32.919022 -96.450646,32.919022 -96.450646,32.931865
TX,Rockwall,113,-96.435329,32.931865 -96.435329,32.925444 -96.44554,32.925444 -96.44554,32.931865 -96.435329,32.931865
TX,Rockwall,114,-96.435329,32.925444 -96.435329,32.919022 -96.44554,32.919022 -96.44554,32.925444 -96.435329,32.925444
TX,Rockwall,115,-96.462899,32.919022 -96.456773,32.919022 -96.456773,32.90832 -96.462899,32.90832 -96.462899,32.919022
TX,Rockwall,116,-96.456773,32.919022 -96.450646,32.919022 -96.450646,32.90832 -96.456773,32.90832 -96.456773,32.919022
TX,Rockwall,117,-96.462899,32.90832 -96.456773,32.90832 -96.456773,32.897618 -96.462899,32.897618 -96.462899,32.90832
TX,Rockwall,118,-96.456773,32.90832 -96.450646,32.90832 -96.450646,32.897618 -96.456773,32.897618 -96.456773,32.90832
TX,Rockwall,119,-96.450646,32.919022 -96.442987,32.919022 -96.442987,32.910461 -96.450646,32.910461 -96.450646,32.919022
TX,Rockwall,120,-96.442987,32.919022 -96.435329,32.919022 -96.435329,32.910461 -96.442987,32.910461 -96.442987,32.919022
TX,Rockwall,121,-96.450646,32.910461 -96.44554,32.910461 -96.44554,32.897618 -96.450646,32.897618 -96.450646,32.910461
TX,Rockwall,122,-96.435329,32.910461 -96.435329,32.904039 -96.44554,32.904039 -96.44554,32.910461 -96.435329,32.910461
TX,Rockwall,123,-96.435329,32.904039 -96.435329,32.897618 -96.44554,32.897618 -96.44554,32.904039 -96.435329,32.904039
TX,Rockwall,124,-96.435329,32.940426 -96.429202,32.940426 -96.429202,32.929724 -96.435329,32.929724 -96.435329,32.940426
TX,Rockwall,125,-96.429202,32.940426 -96.423075,32.940426 -96.423075,32.929724 -96.429202,32.929724 -96.429202,32.940426
TX,Rockwall,126,-96.435329,32.929724 -96.429202,32.929724 -96.429202,32.919022 -96.435329,32.919022 -96.435329,32.929724
TX,Rockwall,127,-96.429202,32.929724 -96.423075,32.929724 -96.423075,32.919022 -96.429202,32.919022 -96.429202,32.929724
TX,Rockwall,128,-96.423075,32.940426 -96.415417,32.940426 -96.415417,32.931865 -96.423075,32.931865 -96.423075,32.940426
TX,Rockwall,129,-96.415417,32.940426 -96.407759,32.940426 -96.407759,32.931865 -96.415417,32.931865 -96.415417,32.940426
TX,Rockwall,130,-96.423075,32.931865 -96.41797,32.931865 -96.41797,32.919022 -96.423075,32.919022 -96.423075,32.931865
TX,Rockwall,131,-96.407759,32.931865 -96.407759,32.925444 -96.41797,32.925444 -96.41797,32.931865 -96.407759,32.931865
TX,Rockwall,132,-96.407759,32.925444 -96.407759,32.919022 -96.41797,32.919022 -96.41797,32.925444 -96.407759,32.925444
TX,Rockwall,133,-96.435329,32.919022 -96.429202,32.919022 -96.429202,32.90832 -96.435329,32.90832 -96.435329,32.919022
TX,Rockwall,134,-96.429202,32.919022 -96.423075,32.919022 -96.423075,32.90832 -96.429202,32.90832 -96.429202,32.919022
TX,Rockwall,135,-96.435329,32.90832 -96.429202,32.90832 -96.429202,32.897618 -96.435329,32.897618 -96.435329,32.90832
TX,Rockwall,136,-96.429202,32.90832 -96.423075,32.90832 -96.423075,32.897618 -96.429202,32.897618 -96.429202,32.90832
TX,Rockwall,137,-96.423075,32.919022 -96.415417,32.919022 -96.415417,32.910461 -96.423075,32.910461 -96.423075,32.919022
TX,Rockwall,138,-96.415417,32.919022 -96.407759,32.919022 -96.407759,32.910461 -96.415417,32.910461 -96.415417,32.919022
TX,Rockwall,139,-96.423075,32.910461 -96.41797,32.910461 -96.41797,32.897618 -96.423075,32.897618 -96.423075,32.910461
TX,Rockwall,140,-96.407759,32.910461 -96.407759,32.904039 -96.41797,32.904039 -96.41797,32.910461 -96.407759,32.910461
TX,Rockwall,141,-96.407759,32.904039 -96.407759,32.897618 -96.41797,32.897618 -96.41797,32.904039 -96.407759,32.904039
TX,Rockwall,142,-96.518144,32.887693 -96.518097,32.889412 -96.518097,32.897618 -96.511495,32.897618 -96.511495,32.887693 -96.518144,32.887693
TX,Rockwall,143,-96.511495,32.897618 -96.504889,32.897618 -96.504889,32.887693 -96.511495,32.887693 -96.511495,32.897618
TX,Rockwall,144,-96.518394,32.878513 -96.518144,32.887693 -96.511582,32.887693 -96.511582,32.877898 -96.518372,32.877898 -96.518394,32.878513
TX,Rockwall,145,-96.511582,32.887693 -96.504889,32.887693 -96.504889,32.877898 -96.511582,32.877898 -96.511582,32.887693
TX,Rockwall,146,-96.504889,32.897618 -96.498239,32.897618 -96.498239,32.887758 -96.504889,32.887758 -96.504889,32.897618
TX,Rockwall,147,-96.498239,32.897618 -96.491589,32.897618 -96.491589,32.887758 -96.498239,32.887758 -96.498239,32.897618
TX,Rockwall,148,-96.504889,32.887758 -96.498239,32.887758 -96.498239,32.877898 -96.504889,32.877898 -96.504889,32.887758
TX,Rockwall,149,-96.498239,32.887758 -96.491589,32.887758 -96.491589,32.877898 -96.498239,32.877898 -96.498239,32.887758
TX,Rockwall,150,-96.512457,32.877898 -96.512457,32.866827 -96.518486,32.866827 -96.518295,32.875813 -96.518372,32.877898 -96.512457,32.877898
TX,Rockwall,151,-96.506534,32.877898 -96.506534,32.866827 -96.512457,32.866827 -96.512457,32.877898 -96.506534,32.877898
TX,Rockwall,152,-96.518706,32.855961 -96.5187,32.856812 -96.518486,32.866827 -96.512568,32.866827 -96.512568,32.855961 -96.518706,32.855961
TX,Rockwall,153,-96.512568,32.866827 -96.506534,32.866827 -96.506534,32.855961 -96.512568,32.855961 -96.512568,32.866827
TX,Rockwall,154,-96.506534,32.877898 -96.499061,32.877898 -96.499061,32.869123 -96.506534,32.869123 -96.506534,32.877898
TX,Rockwall,155,-96.499061,32.877898 -96.491589,32.877898 -96.491589,32.869123 -96.499061,32.869123 -96.499061,32.877898
TX,Rockwall,156,-96.506534,32.869123 -96.501552,32.869123 -96.501552,32.855961 -96.506534,32.855961 -96.506534,32.869123
TX,Rockwall,157,-96.491589,32.869123 -96.491589,32.862542 -96.501552,32.862542 -96.501552,32.869123 -96.491589,32.869123
TX,Rockwall,158,-96.491589,32.862542 -96.491589,32.855961 -96.501552,32.855961 -96.501552,32.862542 -96.491589,32.862542
TX,Rockwall,159,-96.491589,32.897618 -96.485293,32.897618 -96.485293,32.887204 -96.491589,32.887204 -96.491589,32.897618
TX,Rockwall,160,-96.485293,32.897618 -96.478997,32.897618 -96.478997,32.887204 -96.485293,32.887204 -96.485293,32.897618
TX,Rockwall,161,-96.491589,32.887204 -96.485293,32.887204 -96.485293,32.876789 -96.491589,32.876789 -96.491589,32.887204
TX,Rockwall,162,-96.485293,32.887204 -96.478997,32.887204 -96.478997,32.876789 -96.485293,32.876789 -96.485293,32.887204
TX,Rockwall,163,-96.478997,32.897618 -96.471127,32.897618 -96.471127,32.889287 -96.478997,32.889287 -96.478997,32.897618
TX,Rockwall,164,-96.471127,32.897618 -96.463257,32.897618 -96.463257,32.889287 -96.471127,32.889287 -96.471127,32.897618
TX,Rockwall,165,-96.478997,32.889287 -96.47375,32.889287 -96.47375,32.876789 -96.478997,32.876789 -96.478997,32.889287
TX,Rockwall,166,-96.463257,32.889287 -96.463257,32.883038 -96.47375,32.883038 -96.47375,32.889287 -96.463257,32.889287
TX,Rockwall,167,-96.463257,32.883038 -96.463257,32.876789 -96.47375,32.876789 -96.47375,32.883038 -96.463257,32.883038
TX,Rockwall,168,-96.491589,32.876789 -96.485293,32.876789 -96.485293,32.866375 -96.491589,32.866375 -96.491589,32.876789
TX,Rockwall,169,-96.485293,32.876789 -96.478997,32.876789 -96.478997,32.866375 -96.485293,32.866375 -96.485293,32.876789
TX,Rockwall,170,-96.491589,32.855961 -96.491589,32.866375 -96.485293,32.866375 -96.485293,32.855961 -96.491589,32.855961
TX,Rockwall,171,-96.485293,32.866375 -96.478997,32.866375 -96.478997,32.855961 -96.485293,32.855961 -96.485293,32.866375
TX,Rockwall,172,-96.478997,32.876789 -96.471127,32.876789 -96.471127,32.868458 -96.478997,32.868458 -96.478997,32.876789
TX,Rockwall,173,-96.471127,32.876789 -96.463257,32.876789 -96.463257,32.868458 -96.471127,32.868458 -96.471127,32.876789
TX,Rockwall,174,-96.478997,32.868458 -96.47375,32.868458 -96.47375,32.855961 -96.478997,32.855961 -96.478997,32.868458
TX,Rockwall,175,-96.463257,32.868458 -96.463257,32.862209 -96.47375,32.862209 -96.47375,32.868458 -96.463257,32.868458
TX,Rockwall,176,-96.463257,32.862209 -96.463257,32.855961 -96.47375,32.855961 -96.47375,32.862209 -96.463257,32.862209
TX,Rockwall,177,-96.518779,32.845321 -96.518706,32.855961 -96.512579,32.855961 -96.512579,32.845321 -96.518779,32.845321
TX,Rockwall,178,-96.512579,32.855961 -96.506416,32.855961 -96.506416,32.845321 -96.512579,32.845321 -96.512579,32.855961
TX,Rockwall,179,-96.518852,32.834745 -96.518779,32.845321 -96.512616,32.845321 -96.512616,32.834745 -96.518852,32.834745
TX,Rockwall,180,-96.512616,32.845321 -96.506416,32.845321 -96.506416,32.834745 -96.512616,32.834745 -96.512616,32.845321
TX,Rockwall,181,-96.506416,32.855961 -96.49869,32.855961 -96.49869,32.847475 -96.506416,32.847475 -96.506416,32.855961
TX,Rockwall,182,-96.49869,32.855961 -96.490963,32.855961 -96.490963,32.847475 -96.49869,32.847475 -96.49869,32.855961
TX,Rockwall,183,-96.506416,32.847475 -96.501265,32.847475 -96.501265,32.834745 -96.506416,32.834745 -96.506416,32.847475
TX,Rockwall,184,-96.490963,32.847475 -96.490963,32.84111 -96.501265,32.84111 -96.501265,32.847475 -96.490963,32.847475
TX,Rockwall,185,-96.490963,32.84111 -96.490963,32.834745 -96.501265,32.834745 -96.501265,32.84111 -96.490963,32.84111
TX,Rockwall,186,-96.518925,32.824225 -96.518852,32.834745 -96.512656,32.834745 -96.512656,32.824225 -96.518925,32.824225
TX,Rockwall,187,-96.512656,32.834745 -96.506423,32.834745 -96.506423,32.824225 -96.512656,32.824225 -96.512656,32.834745
TX,Rockwall,188,-96.518997,32.813812 -96.518925,32.824225 -96.512678,32.824225 -96.512678,32.813766 -96.518997,32.813812
TX,Rockwall,189,-96.512678,32.824225 -96.506423,32.824225 -96.506423,32.813721 -96.512678,32.813766 -96.512678,32.824225
TX,Rockwall,190,-96.506423,32.834745 -96.498693,32.834745 -96.498693,32.826263 -96.506423,32.826263 -96.506423,32.834745
TX,Rockwall,191,-96.498693,32.834745 -96.490963,32.834745 -96.490963,32.826263 -96.498693,32.826263 -96.498693,32.834745
TX,Rockwall,192,-96.506423,32.826263 -96.501216,32.826263 -96.501216,32.813605 -96.505394,32.813713 -96.506423,32.813721 -96.506423,32.826263
TX,Rockwall,193,-96.490963,32.826263 -96.490963,32.819868 -96.501216,32.819868 -96.501216,32.826263 -96.490963,32.826263
TX,Rockwall,194,-96.490963,32.819868 -96.490963,32.81334 -96.501216,32.813605 -96.501216,32.819868 -96.490963,32.819868
TX,Rockwall,195,-96.490963,32.855961 -96.484806,32.855961 -96.484806,32.845311 -96.490963,32.845311 -96.490963,32.855961
TX,Rockwall,196,-96.484806,32.855961 -96.478649,32.855961 -96.478649,32.845311 -96.484806,32.845311 -96.484806,32.855961
TX,Rockwall,197,-96.490963,32.845311 -96.484806,32.845311 -96.484806,32.834661 -96.490963,32.834661 -96.490963,32.845311
TX,Rockwall,198,-96.484806,32.845311 -96.478649,32.845311 -96.478649,32.834661 -96.484806,32.834661 -96.484806,32.845311
TX,Rockwall,199,-96.478649,32.855961 -96.470953,32.855961 -96.470953,32.847441 -96.478649,32.847441 -96.478649,32.855961
TX,Rockwall,200,-96.470953,32.855961 -96.463257,32.855961 -96.463257,32.847441 -96.470953,32.847441 -96.470953,32.855961
TX,Rockwall,201,-96.478649,32.847441 -96.473519,32.847441 -96.473519,32.834661 -96.478649,32.834661 -96.478649,32.847441
TX,Rockwall,202,-96.463257,32.847441 -96.463257,32.841051 -96.473519,32.841051 -96.473519,32.847441 -96.463257,32.847441
TX,Rockwall,203,-96.463257,32.841051 -96.463257,32.834661 -96.473519,32.834661 -96.473519,32.841051 -96.463257,32.841051
TX,Rockwall,204,-96.490963,32.834661 -96.48482,32.834661 -96.48482,32.823988 -96.490963,32.823988 -96.490963,32.834661
TX,Rockwall,205,-96.48482,32.834661 -96.478677,32.834661 -96.478677,32.823988 -96.48482,32.823988 -96.48482,32.834661
TX,Rockwall,206,-96.490963,32.823988 -96.48482,32.823988 -96.48482,32.813313 -96.489899,32.813313 -96.490963,32.81334 -96.490963,32.823988
TX,Rockwall,207,-96.48482,32.823988 -96.478677,32.823988 -96.478677,32.813327 -96.480194,32.813313 -96.48482,32.813313 -96.48482,32.823988
TX,Rockwall,208,-96.478677,32.834661 -96.470967,32.834661 -96.470967,32.826157 -96.478677,32.826157 -96.478677,32.834661
TX,Rockwall,209,-96.470967,32.834661 -96.463257,32.834661 -96.463257,32.826157 -96.470967,32.826157 -96.470967,32.834661
TX,Rockwall,210,-96.478677,32.826157 -96.473556,32.826157 -96.473556,32.813375 -96.478677,32.813327 -96.478677,32.826157
TX,Rockwall,211,-96.463257,32.826157 -96.463257,32.81979 -96.473556,32.81979 -96.473556,32.826157 -96.463257,32.826157
TX,Rockwall,212,-96.463257,32.81979 -96.463257,32.813473 -96.473556,32.813375 -96.473556,32.81979 -96.463257,32.81979
TX,Rockwall,213,-96.463257,32.897618 -96.456518,32.897618 -96.456518,32.887889 -96.463257,32.887889 -96.463257,32.897618
TX,Rockwall,214,-96.456518,32.897618 -96.449779,32.897618 -96.449779,32.887889 -96.456518,32.887889 -96.456518,32.897618
TX,Rockwall,215,-96.463257,32.887889 -96.456518,32.887889 -96.456518,32.878159 -96.463257,32.878159 -96.463257,32.887889
TX,Rockwall,216,-96.456518,32.887889 -96.449779,32.887889 -96.449779,32.878159 -96.456518,32.878159 -96.456518,32.887889
TX,Rockwall,217,-96.449779,32.897618 -96.44304,32.897618 -96.44304,32.887889 -96.449779,32.887889 -96.449779,32.897618
TX,Rockwall,218,-96.44304,32.897618 -96.436301,32.897618 -96.436301,32.887889 -96.44304,32.887889 -96.44304,32.897618
TX,Rockwall,219,-96.449779,32.887889 -96.44304,32.887889 -96.44304,32.878159 -96.449779,32.878159 -96.449779,32.887889
TX,Rockwall,220,-96.44304,32.887889 -96.436301,32.887889 -96.436301,32.878159 -96.44304,32.878159 -96.44304,32.887889
TX,Rockwall,221,-96.463257,32.878159 -96.457267,32.878159 -96.457267,32.867213 -96.463257,32.867213 -96.463257,32.878159
TX,Rockwall,222,-96.457267,32.878159 -96.451276,32.878159 -96.451276,32.867213 -96.457267,32.867213 -96.457267,32.878159
TX,Rockwall,223,-96.463257,32.867213 -96.457267,32.867213 -96.457267,32.856267 -96.463257,32.856267 -96.463257,32.867213
TX,Rockwall,224,-96.457267,32.867213 -96.451276,32.867213 -96.451276,32.856267 -96.457267,32.856267 -96.457267,32.867213
TX,Rockwall,225,-96.451276,32.878159 -96.443789,32.878159 -96.443789,32.869402 -96.451276,32.869402 -96.451276,32.878159
TX,Rockwall,226,-96.443789,32.878159 -96.436301,32.878159 -96.436301,32.869402 -96.443789,32.869402 -96.443789,32.878159
TX,Rockwall,227,-96.451276,32.869402 -96.446285,32.869402 -96.446285,32.856267 -96.451276,32.856267 -96.451276,32.869402
TX,Rockwall,228,-96.436301,32.869402 -96.436301,32.862835 -96.446285,32.862835 -96.446285,32.869402 -96.436301,32.869402
TX,Rockwall,229,-96.436301,32.862835 -96.436301,32.856267 -96.446285,32.856267 -96.446285,32.862835 -96.436301,32.862835
TX,Rockwall,230,-96.436301,32.897618 -96.429958,32.897618 -96.429958,32.887281 -96.436301,32.887281 -96.436301,32.897618
TX,Rockwall,231,-96.429958,32.897618 -96.423615,32.897618 -96.423615,32.887281 -96.429958,32.887281 -96.429958,32.897618
TX,Rockwall,232,-96.436301,32.887281 -96.429958,32.887281 -96.429958,32.876943 -96.436301,32.876943 -96.436301,32.887281
TX,Rockwall,233,-96.429958,32.887281 -96.423615,32.887281 -96.423615,32.876943 -96.429958,32.876943 -96.429958,32.887281
TX,Rockwall,234,-96.423615,32.897618 -96.415687,32.897618 -96.415687,32.889348 -96.423615,32.889348 -96.423615,32.897618
TX,Rockwall,235,-96.415687,32.897618 -96.407759,32.897618 -96.407759,32.889348 -96.415687,32.889348 -96.415687,32.897618
TX,Rockwall,236,-96.423615,32.889348 -96.41833,32.889348 -96.41833,32.876943 -96.423615,32.876943 -96.423615,32.889348
TX,Rockwall,237,-96.407759,32.889348 -96.407759,32.883145 -96.41833,32.883145 -96.41833,32.889348 -96.407759,32.889348
TX,Rockwall,238,-96.407759,32.883145 -96.407759,32.876943 -96.41833,32.876943 -96.41833,32.883145 -96.407759,32.883145
TX,Rockwall,239,-96.436301,32.876943 -96.429958,32.876943 -96.429958,32.866605 -96.436301,32.866605 -96.436301,32.876943
TX,Rockwall,240,-96.429958,32.876943 -96.423615,32.876943 -96.423615,32.866605 -96.429958,32.866605 -96.429958,32.876943
TX,Rockwall,241,-96.436301,32.866605 -96.429958,32.866605 -96.429958,32.856267 -96.436301,32.856267 -96.436301,32.866605
TX,Rockwall,242,-96.429958,32.866605 -96.423615,32.866605 -96.423615,32.856267 -96.429958,32.856267 -96.429958,32.866605
TX,Rockwall,243,-96.423615,32.876943 -96.415687,32.876943 -96.415687,32.868673 -96.423615,32.868673 -96.423615,32.876943
TX,Rockwall,244,-96.415687,32.876943 -96.407759,32.876943 -96.407759,32.868673 -96.415687,32.868673 -96.415687,32.876943
TX,Rockwall,245,-96.423615,32.868673 -96.41833,32.868673 -96.41833,32.856267 -96.423615,32.856267 -96.423615,32.868673
TX,Rockwall,246,-96.407759,32.868673 -96.407759,32.86247 -96.41833,32.86247 -96.41833,32.868673 -96.407759,32.868673
TX,Rockwall,247,-96.407759,32.86247 -96.407759,32.856267 -96.41833,32.856267 -96.41833,32.86247 -96.407759,32.86247
TX,Rockwall,248,-96.463257,32.856267 -96.45711,32.856267 -96.45711,32.845601 -96.463257,32.845601 -96.463257,32.856267
TX,Rockwall,249,-96.45711,32.856267 -96.450962,32.856267 -96.450962,32.845601 -96.45711,32.845601 -96.45711,32.856267
TX,Rockwall,250,-96.463257,32.845601 -96.45711,32.845601 -96.45711,32.834935 -96.463257,32.834935 -96.463257,32.845601
TX,Rockwall,251,-96.45711,32.845601 -96.450962,32.845601 -96.450962,32.834935 -96.45711,32.834935 -96.45711,32.845601
TX,Rockwall,252,-96.450962,32.856267 -96.443278,32.856267 -96.443278,32.847735 -96.450962,32.847735 -96.450962,32.856267
TX,Rockwall,253,-96.443278,32.856267 -96.435593,32.856267 -96.435593,32.847735 -96.443278,32.847735 -96.443278,32.856267
TX,Rockwall,254,-96.450962,32.847735 -96.445839,32.847735 -96.445839,32.834935 -96.450962,32.834935 -96.450962,32.847735
TX,Rockwall,255,-96.435593,32.847735 -96.435593,32.841335 -96.445839,32.841335 -96.445839,32.847735 -96.435593,32.847735
TX,Rockwall,256,-96.435593,32.841335 -96.435593,32.834935 -96.445839,32.834935 -96.445839,32.841335 -96.435593,32.841335
TX,Rockwall,257,-96.463257,32.834935 -96.457131,32.834935 -96.457131,32.824233 -96.463257,32.824233 -96.463257,32.834935
TX,Rockwall,258,-96.457131,32.834935 -96.451004,32.834935 -96.451004,32.824233 -96.457131,32.824233 -96.457131,32.834935
TX,Rockwall,259,-96.463257,32.824233 -96.457147,32.824233 -96.457147,32.81353 -96.463257,32.813473 -96.463257,32.824233
TX,Rockwall,260,-96.457147,32.824233 -96.451004,32.824233 -96.451004,32.813589 -96.457147,32.81353 -96.457147,32.824233
TX,Rockwall,261,-96.451004,32.834935 -96.443299,32.834935 -96.443299,32.826426 -96.451004,32.826426 -96.451004,32.834935
TX,Rockwall,262,-96.443299,32.834935 -96.435593,32.834935 -96.435593,32.826426 -96.443299,32.826426 -96.443299,32.834935
TX,Rockwall,263,-96.451004,32.826426 -96.445887,32.826426 -96.445887,32.813637 -96.451004,32.813589 -96.451004,32.826426
TX,Rockwall,264,-96.435593,32.826426 -96.435593,32.820056 -96.445887,32.820056 -96.445887,32.826426 -96.435593,32.826426
TX,Rockwall,265,-96.435593,32.820056 -96.435593,32.813734 -96.445887,32.813637 -96.445887,32.820056 -96.435593,32.820056
TX,Rockwall,266,-96.435593,32.856267 -96.429408,32.856267 -96.429408,32.845667 -96.435593,32.845667 -96.435593,32.856267
TX,Rockwall,267,-96.429408,32.856267 -96.423222,32.856267 -96.423222,32.845667 -96.429408,32.845667 -96.429408,32.856267
TX,Rockwall,268,-96.435593,32.845667 -96.429408,32.845667 -96.429408,32.835067 -96.435593,32.835067 -96.435593,32.845667
TX,Rockwall,269,-96.429408,32.845667 -96.423222,32.845667 -96.423222,32.835067 -96.429408,32.835067 -96.429408,32.845667
TX,Rockwall,270,-96.423222,32.856267 -96.41549,32.856267 -96.41549,32.847787 -96.423222,32.847787 -96.423222,32.856267
TX,Rockwall,271,-96.41549,32.856267 -96.407759,32.856267 -96.407759,32.847787 -96.41549,32.847787 -96.41549,32.856267
TX,Rockwall,272,-96.423222,32.847787 -96.418068,32.847787 -96.418068,32.835067 -96.423222,32.835067 -96.423222,32.847787
TX,Rockwall,273,-96.407759,32.847787 -96.407759,32.841427 -96.418068,32.841427 -96.418068,32.847787 -96.407759,32.847787
TX,Rockwall,274,-96.407759,32.841427 -96.407759,32.835067 -96.418068,32.835067 -96.418068,32.841427 -96.407759,32.841427
TX,Rockwall,275,-96.435593,32.835067 -96.429429,32.835067 -96.429429,32.82443 -96.435593,32.82443 -96.435593,32.835067
TX,Rockwall,276,-96.429429,32.835067 -96.423265,32.835067 -96.423265,32.82443 -96.429429,32.82443 -96.429429,32.835067
TX,Rockwall,277,-96.435593,32.82443 -96.429446,32.82443 -96.429446,32.813792 -96.435593,32.813734 -96.435593,32.82443
TX,Rockwall,278,-96.429446,32.82443 -96.423265,32.82443 -96.423265,32.813851 -96.429446,32.813792 -96.429446,32.82443
TX,Rockwall,279,-96.423265,32.835067 -96.415512,32.835067 -96.415512,32.82661 -96.423265,32.82661 -96.423265,32.835067
TX,Rockwall,280,-96.415512,32.835067 -96.407759,32.835067 -96.407759,32.82661 -96.415512,32.82661 -96.415512,32.835067
TX,Rockwall,281,-96.423265,32.82661 -96.418116,32.82661 -96.418116,32.8139 -96.423265,32.813851 -96.423265,32.82661
TX,Rockwall,282,-96.407759,32.82661 -96.407759,32.820279 -96.418116,32.820279 -96.418116,32.82661 -96.407759,32.82661
TX,Rockwall,283,-96.407759,32.820279 -96.407759,32.813998 -96.418116,32.8139 -96.418116,32.820279 -96.407759,32.820279
TX,Rockwall,284,-96.407759,32.981991 -96.401101,32.981968 -96.401101,32.972131 -96.407759,32.972131 -96.407759,32.981991
TX,Rockwall,285,-96.401101,32.981968 -96.394428,32.981945 -96.394428,32.972131 -96.401101,32.972131 -96.401101,32.981968
TX,Rockwall,286,-96.407759,32.972131 -96.401093,32.972131 -96.401093,32.962293 -96.407759,32.962293 -96.407759,32.972131
TX,Rockwall,287,-96.401093,32.972131 -96.394428,32.972131 -96.394428,32.962293 -96.401093,32.962293 -96.401093,32.972131
TX,Rockwall,288,-96.394428,32.981945 -96.387753,32.981923 -96.387753,32.972112 -96.394428,32.972112 -96.394428,32.981945
TX,Rockwall,289,-96.387753,32.981923 -96.3843,32.981911 -96.381073,32.981965 -96.381073,32.972112 -96.387753,32.972112 -96.387753,32.981923
TX,Rockwall,290,-96.394428,32.972112 -96.38775,32.972112 -96.38775,32.962293 -96.394428,32.962293 -96.394428,32.972112
TX,Rockwall,291,-96.38775,32.972112 -96.381073,32.972112 -96.381073,32.962293 -96.38775,32.962293 -96.38775,32.972112
TX,Rockwall,292,-96.407759,32.962293 -96.401828,32.962293 -96.401828,32.951236 -96.407759,32.951236 -96.407759,32.962293
TX,Rockwall,293,-96.401828,32.962293 -96.395898,32.962293 -96.395898,32.951236 -96.401828,32.951236 -96.401828,32.962293
TX,Rockwall,294,-96.407759,32.951236 -96.401828,32.951236 -96.401828,32.940179 -96.407759,32.940179 -96.407759,32.951236
TX,Rockwall,295,-96.401828,32.951236 -96.395898,32.951236 -96.395898,32.940179 -96.401828,32.940179 -96.401828,32.951236
TX,Rockwall,296,-96.395898,32.962293 -96.388485,32.962293 -96.388485,32.953447 -96.395898,32.953447 -96.395898,32.962293
TX,Rockwall,297,-96.388485,32.962293 -96.381073,32.962293 -96.381073,32.953447 -96.388485,32.953447 -96.388485,32.962293
TX,Rockwall,298,-96.395898,32.953447 -96.390956,32.953447 -96.390956,32.940179 -96.395898,32.940179 -96.395898,32.953447
TX,Rockwall,299,-96.381073,32.953447 -96.381073,32.946813 -96.390956,32.946813 -96.390956,32.953447 -96.381073,32.953447
TX,Rockwall,300,-96.381073,32.946813 -96.381073,32.940179 -96.390956,32.940179 -96.390956,32.946813 -96.381073,32.946813
TX,Rockwall,301,-96.381073,32.981965 -96.374775,32.982072 -96.374775,32.971608 -96.381073,32.971608 -96.381073,32.981965
TX,Rockwall,302,-96.374775,32.982072 -96.36854,32.982177 -96.36854,32.971608 -96.374775,32.971608 -96.374775,32.982072
TX,Rockwall,303,-96.381073,32.971608 -96.374806,32.971608 -96.374806,32.961144 -96.381073,32.961144 -96.381073,32.971608
TX,Rockwall,304,-96.374806,32.971608 -96.36854,32.971608 -96.36854,32.961144 -96.374806,32.961144 -96.374806,32.971608
TX,Rockwall,305,-96.36854,32.982177 -96.366493,32.982212 -96.360773,32.982143 -96.360773,32.97374 -96.36854,32.97374 -96.36854,32.982177
TX,Rockwall,306,-96.360773,32.982143 -96.352924,32.982047 -96.352924,32.97374 -96.360773,32.97374 -96.360773,32.982143
TX,Rockwall,307,-96.36854,32.97374 -96.363335,32.97374 -96.363335,32.961144 -96.36854,32.961144 -96.36854,32.97374
TX,Rockwall,308,-96.352924,32.97374 -96.352924,32.967442 -96.363335,32.967442 -96.363335,32.97374 -96.352924,32.97374
TX,Rockwall,309,-96.352924,32.967442 -96.352924,32.961144 -96.363335,32.961144 -96.363335,32.967442 -96.352924,32.967442
TX,Rockwall,310,-96.381073,32.961144 -96.374817,32.961144 -96.374817,32.950662 -96.381073,32.950662 -96.381073,32.961144
TX,Rockwall,311,-96.374817,32.961144 -96.368562,32.961144 -96.368562,32.950662 -96.374817,32.950662 -96.374817,32.961144
TX,Rockwall,312,-96.381073,32.950662 -96.374817,32.950662 -96.374817,32.940179 -96.381073,32.940179 -96.381073,32.950662
TX,Rockwall,313,-96.374817,32.950662 -96.368562,32.950662 -96.368562,32.940179 -96.374817,32.940179 -96.374817,32.950662
TX,Rockwall,314,-96.368562,32.961144 -96.360743,32.961144 -96.360743,32.952758 -96.368562,32.952758 -96.368562,32.961144
TX,Rockwall,315,-96.360743,32.961144 -96.352924,32.961144 -96.352924,32.952758 -96.360743,32.952758 -96.360743,32.961144
TX,Rockwall,316,-96.368562,32.952758 -96.363349,32.952758 -96.363349,32.940179 -96.368562,32.940179 -96.368562,32.952758
TX,Rockwall,317,-96.352924,32.952758 -96.352924,32.946469 -96.363349,32.946469 -96.363349,32.952758 -96.352924,32.952758
TX,Rockwall,318,-96.352924,32.946469 -96.352924,32.940179 -96.363349,32.940179 -96.363349,32.946469 -96.352924,32.946469
TX,Rockwall,319,-96.407759,32.940179 -96.4011,32.940179 -96.4011,32.930332 -96.407759,32.930332 -96.407759,32.940179
TX,Rockwall,320,-96.4011,32.940179 -96.394442,32.940179 -96.394442,32.930332 -96.4011,32.930332 -96.4011,32.940179
TX,Rockwall,321,-96.407759,32.930332 -96.4011,32.930332 -96.4011,32.920484 -96.407759,32.920484 -96.407759,32.930332
TX,Rockwall,322,-96.4011,32.930332 -96.394442,32.930332 -96.394442,32.920484 -96.4011,32.920484 -96.4011,32.930332
TX,Rockwall,323,-96.394442,32.940179 -96.387783,32.940179 -96.387783,32.930332 -96.394442,32.930332 -96.394442,32.940179
TX,Rockwall,324,-96.387783,32.940179 -96.381125,32.940179 -96.381125,32.930332 -96.387783,32.930332 -96.387783,32.940179
TX,Rockwall,325,-96.394442,32.930332 -96.387783,32.930332 -96.387783,32.920484 -96.394442,32.920484 -96.394442,32.930332
TX,Rockwall,326,-96.387783,32.930332 -96.381125,32.930332 -96.381125,32.920484 -96.387783,32.920484 -96.387783,32.930332
TX,Rockwall,327,-96.407759,32.920484 -96.40184,32.920484 -96.40184,32.909406 -96.407759,32.909406 -96.407759,32.920484
TX,Rockwall,328,-96.40184,32.920484 -96.395921,32.920484 -96.395921,32.909406 -96.40184,32.909406 -96.40184,32.920484
TX,Rockwall,329,-96.407759,32.909406 -96.40184,32.909406 -96.40184,32.898328 -96.407759,32.898328 -96.407759,32.909406
TX,Rockwall,330,-96.40184,32.909406 -96.395921,32.909406 -96.395921,32.898328 -96.40184,32.898328 -96.40184,32.909406
TX,Rockwall,331,-96.395921,32.920484 -96.388523,32.920484 -96.388523,32.911622 -96.395921,32.911622 -96.395921,32.920484
TX,Rockwall,332,-96.388523,32.920484 -96.381125,32.920484 -96.381125,32.911622 -96.388523,32.911622 -96.388523,32.920484
TX,Rockwall,333,-96.395921,32.911622 -96.390989,32.911622 -96.390989,32.898328 -96.395921,32.898328 -96.395921,32.911622
TX,Rockwall,334,-96.381125,32.911622 -96.381125,32.904975 -96.390989,32.904975 -96.390989,32.911622 -96.381125,32.911622
TX,Rockwall,335,-96.381125,32.904975 -96.381125,32.898328 -96.390989,32.898328 -96.390989,32.904975 -96.381125,32.904975
TX,Rockwall,336,-96.381125,32.940179 -96.374858,32.940179 -96.374858,32.929716 -96.381125,32.929716 -96.381125,32.940179
TX,Rockwall,337,-96.374858,32.940179 -96.368591,32.940179 -96.368591,32.929716 -96.374858,32.929716 -96.374858,32.940179
TX,Rockwall,338,-96.381125,32.929716 -96.374858,32.929716 -96.374858,32.919253 -96.381125,32.919253 -96.381125,32.929716
TX,Rockwall,339,-96.374858,32.929716 -96.368591,32.929716 -96.368591,32.919253 -96.374858,32.919253 -96.374858,32.929716
TX,Rockwall,340,-96.368591,32.940179 -96.360758,32.940179 -96.360758,32.931809 -96.368591,32.931809 -96.368591,32.940179
TX,Rockwall,341,-96.360758,32.940179 -96.352924,32.940179 -96.352924,32.931809 -96.360758,32.931809 -96.360758,32.940179
TX,Rockwall,342,-96.368591,32.931809 -96.363369,32.931809 -96.363369,32.919253 -96.368591,32.919253 -96.368591,32.931809
TX,Rockwall,343,-96.352924,32.931809 -96.352924,32.925531 -96.363369,32.925531 -96.363369,32.931809 -96.352924,32.931809
TX,Rockwall,344,-96.352924,32.925531 -96.352924,32.919253 -96.363369,32.919253 -96.363369,32.925531 -96.352924,32.925531
TX,Rockwall,345,-96.381125,32.919253 -96.374858,32.919253 -96.374858,32.908791 -96.381125,32.908791 -96.381125,32.919253
TX,Rockwall,346,-96.374858,32.919253 -96.368591,32.919253 -96.368591,32.908791 -96.374858,32.908791 -96.374858,32.919253
TX,Rockwall,347,-96.381125,32.908791 -96.374858,32.908791 -96.374858,32.898328 -96.381125,32.898328 -96.381125,32.908791
TX,Rockwall,348,-96.374858,32.908791 -96.368591,32.908791 -96.368591,32.898328 -96.374858,32.898328 -96.374858,32.908791
TX,Rockwall,349,-96.368591,32.919253 -96.360758,32.919253 -96.360758,32.910883 -96.368591,32.910883 -96.368591,32.919253
TX,Rockwall,350,-96.360758,32.919253 -96.352924,32.919253 -96.352924,32.910883 -96.360758,32.910883 -96.360758,32.919253
TX,Rockwall,351,-96.368591,32.910883 -96.363369,32.910883 -96.363369,32.898328 -96.368591,32.898328 -96.368591,32.910883
TX,Rockwall,352,-96.352924,32.910883 -96.352924,32.904605 -96.363369,32.904605 -96.363369,32.910883 -96.352924,32.910883
TX,Rockwall,353,-96.352924,32.904605 -96.352924,32.898328 -96.363369,32.898328 -96.363369,32.904605 -96.352924,32.904605
TX,Rockwall,354,-96.352924,32.982047 -96.34619,32.981965 -96.34619,32.97227 -96.352924,32.97227 -96.352924,32.982047
TX,Rockwall,355,-96.34619,32.981965 -96.341698,32.981911 -96.339405,32.981938 -96.339405,32.97227 -96.34619,32.97227 -96.34619,32.981965
TX,Rockwall,356,-96.352924,32.97227 -96.346164,32.97227 -96.346164,32.96257 -96.352924,32.96257 -96.352924,32.97227
TX,Rockwall,357,-96.346164,32.97227 -96.339405,32.97227 -96.339405,32.96257 -96.346164,32.96257 -96.346164,32.97227
TX,Rockwall,358,-96.339405,32.981938 -96.333,32.982014 -96.332644,32.982013 -96.332644,32.97228 -96.339405,32.97228 -96.339405,32.981938
TX,Rockwall,359,-96.332644,32.982013 -96.325899,32.98199 -96.325899,32.97228 -96.332644,32.97228 -96.332644,32.982013
TX,Rockwall,360,-96.339405,32.97228 -96.332652,32.97228 -96.332652,32.96257 -96.339405,32.96257 -96.339405,32.97228
TX,Rockwall,361,-96.332652,32.97228 -96.325899,32.97228 -96.325899,32.96257 -96.332652,32.96257 -96.332652,32.97228
TX,Rockwall,362,-96.352924,32.96257 -96.346919,32.96257 -96.346919,32.951652 -96.352924,32.951652 -96.352924,32.96257
TX,Rockwall,363,-96.346919,32.96257 -96.340913,32.96257 -96.340913,32.951652 -96.346919,32.951652 -96.346919,32.96257
TX,Rockwall,364,-96.352924,32.951652 -96.346919,32.951652 -96.346919,32.940734 -96.352924,32.940734 -96.352924,32.951652
TX,Rockwall,365,-96.346919,32.951652 -96.340913,32.951652 -96.340913,32.940734 -96.346919,32.940734 -96.346919,32.951652
TX,Rockwall,366,-96.340913,32.96257 -96.333406,32.96257 -96.333406,32.953835 -96.340913,32.953835 -96.340913,32.96257
TX,Rockwall,367,-96.333406,32.96257 -96.325899,32.96257 -96.325899,32.953835 -96.333406,32.953835 -96.333406,32.96257
TX,Rockwall,368,-96.340913,32.953835 -96.335908,32.953835 -96.335908,32.940734 -96.340913,32.940734 -96.340913,32.953835
TX,Rockwall,369,-96.325899,32.953835 -96.325899,32.947284 -96.335908,32.947284 -96.335908,32.953835 -96.325899,32.953835
TX,Rockwall,370,-96.325899,32.947284 -96.325899,32.940734 -96.335908,32.940734 -96.335908,32.947284 -96.325899,32.947284
TX,Rockwall,371,-96.325899,32.98199 -96.319554,32.98197 -96.319554,32.971646 -96.325899,32.971646 -96.325899,32.98199
TX,Rockwall,372,-96.319554,32.98197 -96.313196,32.981949 -96.313196,32.971646 -96.319554,32.971646 -96.319554,32.98197
TX,Rockwall,373,-96.325899,32.971646 -96.319548,32.971646 -96.319548,32.961323 -96.325899,32.961323 -96.325899,32.971646
TX,Rockwall,374,-96.319548,32.971646 -96.313196,32.971646 -96.313196,32.961323 -96.319548,32.961323 -96.319548,32.971646
TX,Rockwall,375,-96.313196,32.981949 -96.305304,32.981923 -96.305304,32.973628 -96.313196,32.973628 -96.313196,32.981949
TX,Rockwall,376,-96.305304,32.981923 -96.301498,32.981911 -96.2976,32.981613 -96.297195,32.977112 -96.297201,32.973628 -96.305304,32.973628 -96.305304,32.981923
TX,Rockwall,377,-96.313196,32.973628 -96.307868,32.973628 -96.307868,32.961323 -96.313196,32.961323 -96.313196,32.973628
TX,Rockwall,378,-96.297201,32.973628 -96.297211,32.967478 -96.307868,32.967478 -96.307868,32.973628 -96.297201,32.973628
TX,Rockwall,379,-96.297211,32.967478 -96.297221,32.961323 -96.307868,32.961323 -96.307868,32.967478 -96.297211,32.967478
TX,Rockwall,380,-96.325899,32.961323 -96.31953,32.961323 -96.31953,32.951028 -96.325899,32.951028 -96.325899,32.961323
TX,Rockwall,381,-96.31953,32.961323 -96.313161,32.961323 -96.313161,32.951028 -96.31953,32.951028 -96.31953,32.961323
TX,Rockwall,382,-96.325899,32.951028 -96.31953,32.951028 -96.31953,32.940734 -96.325899,32.940734 -96.325899,32.951028
TX,Rockwall,383,-96.31953,32.951028 -96.313161,32.951028 -96.313161,32.940734 -96.31953,32.940734 -96.31953,32.951028
TX,Rockwall,384,-96.313161,32.961323 -96.305194,32.961323 -96.305194,32.953092 -96.313161,32.953092 -96.313161,32.961323
TX,Rockwall,385,-96.305194,32.961323 -96.297221,32.961323 -96.297234,32.953092 -96.305194,32.953092 -96.305194,32.961323
TX,Rockwall,386,-96.313161,32.953092 -96.307855,32.953092 -96.307855,32.940734 -96.313161,32.940734 -96.313161,32.953092
TX,Rockwall,387,-96.297234,32.953092 -96.297244,32.946916 -96.307855,32.946916 -96.307855,32.953092 -96.297234,32.953092
TX,Rockwall,388,-96.297244,32.946916 -96.297254,32.940734 -96.307855,32.940734 -96.307855,32.946916 -96.297244,32.946916
TX,Rockwall,389,-96.352924,32.940734 -96.346739,32.940734 -96.346739,32.930132 -96.352924,32.930132 -96.352924,32.940734
TX,Rockwall,390,-96.346739,32.940734 -96.340554,32.940734 -96.340554,32.930132 -96.346739,32.930132 -96.346739,32.940734
TX,Rockwall,391,-96.352924,32.930132 -96.346739,32.930132 -96.346739,32.919531 -96.352924,32.919531 -96.352924,32.930132
TX,Rockwall,392,-96.346739,32.930132 -96.340554,32.930132 -96.340554,32.919531 -96.346739,32.919531 -96.346739,32.930132
TX,Rockwall,393,-96.340554,32.940734 -96.332823,32.940734 -96.332823,32.932252 -96.340554,32.932252 -96.340554,32.940734
TX,Rockwall,394,-96.332823,32.940734 -96.325092,32.940734 -96.325092,32.932252 -96.332823,32.932252 -96.332823,32.940734
TX,Rockwall,395,-96.340554,32.932252 -96.3354,32.932252 -96.3354,32.919531 -96.340554,32.919531 -96.340554,32.932252
TX,Rockwall,396,-96.325092,32.932252 -96.325092,32.925891 -96.3354,32.925891 -96.3354,32.932252 -96.325092,32.932252
TX,Rockwall,397,-96.325092,32.925891 -96.325092,32.919531 -96.3354,32.919531 -96.3354,32.925891 -96.325092,32.925891
TX,Rockwall,398,-96.352924,32.919531 -96.346739,32.919531 -96.346739,32.908929 -96.352924,32.908929 -96.352924,32.919531
TX,Rockwall,399,-96.346739,32.919531 -96.340554,32.919531 -96.340554,32.908929 -96.346739,32.908929 -96.346739,32.919531
TX,Rockwall,400,-96.352924,32.908929 -96.346739,32.908929 -96.346739,32.898328 -96.352924,32.898328 -96.352924,32.908929
TX,Rockwall,401,-96.346739,32.908929 -96.340554,32.908929 -96.340554,32.898328 -96.346739,32.898328 -96.346739,32.908929
TX,Rockwall,402,-96.340554,32.919531 -96.332823,32.919531 -96.332823,32.911049 -96.340554,32.911049 -96.340554,32.919531
TX,Rockwall,403,-96.332823,32.919531 -96.325092,32.919531 -96.325092,32.911049 -96.332823,32.911049 -96.332823,32.919531
TX,Rockwall,404,-96.340554,32.911049 -96.3354,32.911049 -96.3354,32.898328 -96.340554,32.898328 -96.340554,32.911049
TX,Rockwall,405,-96.325092,32.911049 -96.325092,32.904689 -96.3354,32.904689 -96.3354,32.911049 -96.325092,32.911049
TX,Rockwall,406,-96.325092,32.904689 -96.325092,32.898328 -96.3354,32.898328 -96.3354,32.904689 -96.325092,32.904689
TX,Rockwall,407,-96.325092,32.940734 -96.31891,32.940734 -96.31891,32.930128 -96.325092,32.930128 -96.325092,32.940734
TX,Rockwall,408,-96.31891,32.940734 -96.312727,32.940734 -96.312727,32.930128 -96.31891,32.930128 -96.31891,32.940734
TX,Rockwall,409,-96.325092,32.930128 -96.31891,32.930128 -96.31891,32.919522 -96.325092,32.919522 -96.325092,32.930128
TX,Rockwall,410,-96.31891,32.930128 -96.312727,32.930128 -96.312727,32.919522 -96.31891,32.919522 -96.31891,32.930128
TX,Rockwall,411,-96.312727,32.940734 -96.304994,32.940734 -96.304994,32.932255 -96.312727,32.932255 -96.312727,32.940734
TX,Rockwall,412,-96.304994,32.940734 -96.297254,32.940734 -96.297267,32.932255 -96.304994,32.932255 -96.304994,32.940734
TX,Rockwall,413,-96.312727,32.932255 -96.307577,32.932255 -96.307577,32.919522 -96.312727,32.919522 -96.312727,32.932255
TX,Rockwall,414,-96.297267,32.932255 -96.297278,32.925892 -96.307577,32.925892 -96.307577,32.932255 -96.297267,32.932255
TX,Rockwall,415,-96.297278,32.925892 -96.297288,32.919522 -96.307577,32.919522 -96.307577,32.925892 -96.297278,32.925892
TX,Rockwall,416,-96.325092,32.919522 -96.318905,32.919522 -96.318905,32.908925 -96.325092,32.908925 -96.325092,32.919522
TX,Rockwall,417,-96.318905,32.919522 -96.312718,32.919522 -96.312718,32.908925 -96.318905,32.908925 -96.318905,32.919522
TX,Rockwall,418,-96.325092,32.908925 -96.318905,32.908925 -96.318905,32.898328 -96.325092,32.898328 -96.325092,32.908925
TX,Rockwall,419,-96.318905,32.908925 -96.312718,32.908925 -96.312718,32.898328 -96.318905,32.898328 -96.318905,32.908925
TX,Rockwall,420,-96.312718,32.919522 -96.305002,32.919522 -96.305002,32.911025 -96.312718,32.911025 -96.312718,32.919522
TX,Rockwall,421,-96.297288,32.919522 -96.297295,32.915314 -96.297267,32.911025 -96.305002,32.911025 -96.305002,32.919522 -96.297288,32.919522
TX,Rockwall,422,-96.312718,32.911025 -96.307554,32.911025 -96.307554,32.898328 -96.312718,32.898328 -96.312718,32.911025
TX,Rockwall,423,-96.297267,32.911025 -96.297225,32.904663 -96.307554,32.904663 -96.307554,32.911025 -96.297267,32.911025
TX,Rockwall,424,-96.297225,32.904663 -96.297184,32.898328 -96.307554,32.898328 -96.307554,32.904663 -96.297225,32.904663
TX,Rockwall,425,-96.407759,32.898328 -96.401055,32.898328 -96.401055,32.888547 -96.407759,32.888547 -96.407759,32.898328
TX,Rockwall,426,-96.401055,32.898328 -96.394351,32.898328 -96.394351,32.888547 -96.401055,32.888547 -96.401055,32.898328
TX,Rockwall,427,-96.407759,32.888547 -96.401055,32.888547 -96.401055,32.878766 -96.407759,32.878766 -96.407759,32.888547
TX,Rockwall,428,-96.401055,32.888547 -96.394351,32.888547 -96.394351,32.878766 -96.401055,32.878766 -96.401055,32.888547
TX,Rockwall,429,-96.394351,32.898328 -96.387647,32.898328 -96.387647,32.888547 -96.394351,32.888547 -96.394351,32.898328
TX,Rockwall,430,-96.387647,32.898328 -96.380943,32.898328 -96.380943,32.888547 -96.387647,32.888547 -96.387647,32.898328
TX,Rockwall,431,-96.394351,32.888547 -96.387647,32.888547 -96.387647,32.878766 -96.394351,32.878766 -96.394351,32.888547
TX,Rockwall,432,-96.387647,32.888547 -96.380943,32.888547 -96.380943,32.878766 -96.387647,32.878766 -96.387647,32.888547
TX,Rockwall,433,-96.407759,32.878766 -96.4018,32.878766 -96.4018,32.867762 -96.407759,32.867762 -96.407759,32.878766
TX,Rockwall,434,-96.4018,32.878766 -96.395841,32.878766 -96.395841,32.867762 -96.4018,32.867762 -96.4018,32.878766
TX,Rockwall,435,-96.407759,32.867762 -96.4018,32.867762 -96.4018,32.856759 -96.407759,32.856759 -96.407759,32.867762
TX,Rockwall,436,-96.4018,32.867762 -96.395841,32.867762 -96.395841,32.856759 -96.4018,32.856759 -96.4018,32.867762
TX,Rockwall,437,-96.395841,32.878766 -96.388392,32.878766 -96.388392,32.869963 -96.395841,32.869963 -96.395841,32.878766
TX,Rockwall,438,-96.388392,32.878766 -96.380943,32.878766 -96.380943,32.869963 -96.388392,32.869963 -96.388392,32.878766
TX,Rockwall,439,-96.395841,32.869963 -96.390875,32.869963 -96.390875,32.856759 -96.395841,32.856759 -96.395841,32.869963
TX,Rockwall,440,-96.380943,32.869963 -96.380943,32.863361 -96.390875,32.863361 -96.390875,32.869963 -96.380943,32.869963
TX,Rockwall,441,-96.380943,32.863361 -96.380943,32.856759 -96.390875,32.856759 -96.390875,32.863361 -96.380943,32.863361
TX,Rockwall,442,-96.380943,32.898328 -96.374634,32.898328 -96.374634,32.887935 -96.380943,32.887935 -96.380943,32.898328
TX,Rockwall,443,-96.374634,32.898328 -96.368325,32.898328 -96.368325,32.887935 -96.374634,32.887935 -96.374634,32.898328
TX,Rockwall,444,-96.380943,32.887935 -96.374634,32.887935 -96.374634,32.877543 -96.380943,32.877543 -96.380943,32.887935
TX,Rockwall,445,-96.374634,32.887935 -96.368325,32.887935 -96.368325,32.877543 -96.374634,32.877543 -96.374634,32.887935
TX,Rockwall,446,-96.368325,32.898328 -96.360438,32.898328 -96.360438,32.890014 -96.368325,32.890014 -96.368325,32.898328
TX,Rockwall,447,-96.360438,32.898328 -96.352551,32.898328 -96.352551,32.890014 -96.360438,32.890014 -96.360438,32.898328
TX,Rockwall,448,-96.368325,32.890014 -96.363067,32.890014 -96.363067,32.877543 -96.368325,32.877543 -96.368325,32.890014
TX,Rockwall,449,-96.352551,32.890014 -96.352551,32.883779 -96.363067,32.883779 -96.363067,32.890014 -96.352551,32.890014
TX,Rockwall,450,-96.352551,32.883779 -96.352551,32.877543 -96.363067,32.877543 -96.363067,32.883779 -96.352551,32.883779
TX,Rockwall,451,-96.380943,32.877543 -96.374634,32.877543 -96.374634,32.867151 -96.380943,32.867151 -96.380943,32.877543
TX,Rockwall,452,-96.374634,32.877543 -96.368325,32.877543 -96.368325,32.867151 -96.374634,32.867151 -96.374634,32.877543
TX,Rockwall,453,-96.380943,32.867151 -96.374634,32.867151 -96.374634,32.856759 -96.380943,32.856759 -96.380943,32.867151
TX,Rockwall,454,-96.374634,32.867151 -96.368325,32.867151 -96.368325,32.856759 -96.374634,32.856759 -96.374634,32.867151
TX,Rockwall,455,-96.368325,32.877543 -96.360438,32.877543 -96.360438,32.86923 -96.368325,32.86923 -96.368325,32.877543
TX,Rockwall,456,-96.360438,32.877543 -96.352551,32.877543 -96.352551,32.86923 -96.360438,32.86923 -96.360438,32.877543
TX,Rockwall,457,-96.368325,32.86923 -96.363067,32.86923 -96.363067,32.856759 -96.368325,32.856759 -96.368325,32.86923
TX,Rockwall,458,-96.352551,32.86923 -96.352551,32.862994 -96.363067,32.862994 -96.363067,32.86923 -96.352551,32.86923
TX,Rockwall,459,-96.352551,32.862994 -96.352551,32.856759 -96.363067,32.856759 -96.363067,32.862994 -96.352551,32.862994
TX,Rockwall,460,-96.407759,32.856759 -96.401613,32.856759 -96.401613,32.84609 -96.407759,32.84609 -96.407759,32.856759
TX,Rockwall,461,-96.401613,32.856759 -96.395467,32.856759 -96.395467,32.84609 -96.401613,32.84609 -96.401613,32.856759
TX,Rockwall,462,-96.407759,32.84609 -96.401613,32.84609 -96.401613,32.835421 -96.407759,32.835421 -96.407759,32.84609
TX,Rockwall,463,-96.401613,32.84609 -96.395467,32.84609 -96.395467,32.835421 -96.401613,32.835421 -96.401613,32.84609
TX,Rockwall,464,-96.395467,32.856759 -96.387785,32.856759 -96.387785,32.848224 -96.395467,32.848224 -96.395467,32.856759
TX,Rockwall,465,-96.387785,32.856759 -96.380103,32.856759 -96.380103,32.848224 -96.387785,32.848224 -96.387785,32.856759
TX,Rockwall,466,-96.395467,32.848224 -96.390346,32.848224 -96.390346,32.835421 -96.395467,32.835421 -96.395467,32.848224
TX,Rockwall,467,-96.380103,32.848224 -96.380103,32.841822 -96.390346,32.841822 -96.390346,32.848224 -96.380103,32.848224
TX,Rockwall,468,-96.380103,32.841822 -96.380103,32.835421 -96.390346,32.835421 -96.390346,32.841822 -96.380103,32.841822
TX,Rockwall,469,-96.407759,32.835421 -96.401621,32.835421 -96.401621,32.824738 -96.407759,32.824738 -96.407759,32.835421
TX,Rockwall,470,-96.401621,32.835421 -96.395483,32.835421 -96.395483,32.824738 -96.401621,32.824738 -96.401621,32.835421
TX,Rockwall,471,-96.407759,32.824738 -96.401637,32.824738 -96.401637,32.814055 -96.407759,32.813998 -96.407759,32.824738
TX,Rockwall,472,-96.401637,32.824738 -96.395483,32.824738 -96.395483,32.814114 -96.401637,32.814055 -96.401637,32.824738
TX,Rockwall,473,-96.395483,32.835421 -96.387793,32.835421 -96.387793,32.826894 -96.395483,32.826894 -96.395483,32.835421
TX,Rockwall,474,-96.387793,32.835421 -96.380103,32.835421 -96.380103,32.826894 -96.387793,32.826894 -96.387793,32.835421
TX,Rockwall,475,-96.395483,32.826894 -96.390342,32.826894 -96.390342,32.814162 -96.395483,32.814114 -96.395483,32.826894
TX,Rockwall,476,-96.390342,32.826894 -96.380103,32.826894 -96.380103,32.820491 -96.390342,32.820491 -96.390342,32.826894
TX,Rockwall,477,-96.390342,32.820491 -96.380103,32.820491 -96.380103,32.813742 -96.384995,32.814213 -96.390342,32.814162 -96.390342,32.820491
TX,Rockwall,478,-96.380103,32.856759 -96.37398,32.856759 -96.37398,32.84605 -96.380103,32.84605 -96.380103,32.856759
TX,Rockwall,479,-96.37398,32.856759 -96.367858,32.856759 -96.367858,32.84605 -96.37398,32.84605 -96.37398,32.856759
TX,Rockwall,480,-96.380103,32.84605 -96.37398,32.84605 -96.37398,32.83534 -96.380103,32.83534 -96.380103,32.84605
TX,Rockwall,481,-96.37398,32.84605 -96.367858,32.84605 -96.367858,32.83534 -96.37398,32.83534 -96.37398,32.84605
TX,Rockwall,482,-96.367858,32.856759 -96.360204,32.856759 -96.360204,32.848192 -96.367858,32.848192 -96.367858,32.856759
TX,Rockwall,483,-96.360204,32.856759 -96.352551,32.856759 -96.352551,32.848192 -96.360204,32.848192 -96.360204,32.856759
TX,Rockwall,484,-96.367858,32.848192 -96.362755,32.848192 -96.362755,32.83534 -96.367858,32.83534 -96.367858,32.848192
TX,Rockwall,485,-96.352551,32.848192 -96.352551,32.841766 -96.362755,32.841766 -96.362755,32.848192 -96.352551,32.848192
TX,Rockwall,486,-96.352551,32.841766 -96.352551,32.83534 -96.362755,32.83534 -96.362755,32.841766 -96.352551,32.841766
TX,Rockwall,487,-96.380103,32.83534 -96.373996,32.83534 -96.373996,32.824604 -96.380103,32.824604 -96.380103,32.83534
TX,Rockwall,488,-96.373996,32.83534 -96.367889,32.83534 -96.367889,32.824604 -96.373996,32.824604 -96.373996,32.83534
TX,Rockwall,489,-96.380103,32.824604 -96.374029,32.824604 -96.374029,32.813912 -96.3741,32.813911 -96.379799,32.813713 -96.380103,32.813742 -96.380103,32.824604
TX,Rockwall,490,-96.374029,32.824604 -96.367889,32.824604 -96.367889,32.813936 -96.374029,32.813912 -96.374029,32.824604
TX,Rockwall,491,-96.367889,32.83534 -96.36022,32.83534 -96.36022,32.826791 -96.367889,32.826791 -96.367889,32.83534
TX,Rockwall,492,-96.36022,32.83534 -96.352551,32.83534 -96.352551,32.826791 -96.36022,32.826791 -96.36022,32.83534
TX,Rockwall,493,-96.367889,32.826791 -96.362784,32.826791 -96.362784,32.813956 -96.367889,32.813936 -96.367889,32.826791
TX,Rockwall,494,-96.352551,32.826791 -96.352551,32.820383 -96.362784,32.820383 -96.362784,32.826791 -96.352551,32.826791
TX,Rockwall,495,-96.352551,32.820383 -96.352551,32.813996 -96.362784,32.813956 -96.362784,32.820383 -96.352551,32.820383
TX,Rockwall,496,-96.352551,32.898328 -96.345833,32.898328 -96.345833,32.888568 -96.352551,32.888568 -96.352551,32.898328
TX,Rockwall,497,-96.345833,32.898328 -96.339114,32.898328 -96.339114,32.888568 -96.345833,32.888568 -96.345833,32.898328
TX,Rockwall,498,-96.352551,32.888568 -96.345833,32.888568 -96.345833,32.878808 -96.352551,32.878808 -96.352551,32.888568
TX,Rockwall,499,-96.345833,32.888568 -96.339114,32.888568 -96.339114,32.878808 -96.345833,32.878808 -96.345833,32.888568
TX,Rockwall,500,-96.339114,32.898328 -96.332396,32.898328 -96.332396,32.888568 -96.339114,32.888568 -96.339114,32.898328
TX,Rockwall,501,-96.332396,32.898328 -96.325678,32.898328 -96.325678,32.888568 -96.332396,32.888568 -96.332396,32.898328
TX,Rockwall,502,-96.339114,32.888568 -96.332396,32.888568 -96.332396,32.878808 -96.339114,32.878808 -96.339114,32.888568
TX,Rockwall,503,-96.332396,32.888568 -96.325678,32.888568 -96.325678,32.878808 -96.332396,32.878808 -96.332396,32.888568
TX,Rockwall,504,-96.352551,32.878808 -96.346579,32.878808 -96.346579,32.867828 -96.352551,32.867828 -96.352551,32.878808
TX,Rockwall,505,-96.346579,32.878808 -96.340607,32.878808 -96.340607,32.867828 -96.346579,32.867828 -96.346579,32.878808
TX,Rockwall,506,-96.352551,32.867828 -96.346579,32.867828 -96.346579,32.856848 -96.352551,32.856848 -96.352551,32.867828
TX,Rockwall,507,-96.346579,32.867828 -96.340607,32.867828 -96.340607,32.856848 -96.346579,32.856848 -96.346579,32.867828
TX,Rockwall,508,-96.340607,32.878808 -96.333143,32.878808 -96.333143,32.870024 -96.340607,32.870024 -96.340607,32.878808
TX,Rockwall,509,-96.333143,32.878808 -96.325678,32.878808 -96.325678,32.870024 -96.333143,32.870024 -96.333143,32.878808
TX,Rockwall,510,-96.340607,32.870024 -96.335631,32.870024 -96.335631,32.856848 -96.340607,32.856848 -96.340607,32.870024
TX,Rockwall,511,-96.325678,32.870024 -96.325678,32.863436 -96.335631,32.863436 -96.335631,32.870024 -96.325678,32.870024
TX,Rockwall,512,-96.325678,32.863436 -96.325678,32.856848 -96.335631,32.856848 -96.335631,32.863436 -96.325678,32.863436
TX,Rockwall,513,-96.325678,32.898328 -96.31934,32.898328 -96.31934,32.887983 -96.325678,32.887983 -96.325678,32.898328
TX,Rockwall,514,-96.31934,32.898328 -96.313001,32.898328 -96.313001,32.887983 -96.31934,32.887983 -96.31934,32.898328
TX,Rockwall,515,-96.325678,32.887983 -96.31934,32.887983 -96.31934,32.877639 -96.325678,32.877639 -96.325678,32.887983
TX,Rockwall,516,-96.31934,32.887983 -96.313001,32.887983 -96.313001,32.877639 -96.31934,32.877639 -96.31934,32.887983
TX,Rockwall,517,-96.313001,32.898328 -96.305079,32.898328 -96.305079,32.890051 -96.313001,32.890051 -96.313001,32.898328
TX,Rockwall,518,-96.305079,32.898328 -96.297184,32.898328 -96.29713,32.890051 -96.305079,32.890051 -96.305079,32.898328
TX,Rockwall,519,-96.313001,32.890051 -96.307719,32.890051 -96.307719,32.877639 -96.313001,32.877639 -96.313001,32.890051
TX,Rockwall,520,-96.29713,32.890051 -96.297096,32.884911 -96.297121,32.883869 -96.307719,32.883869 -96.307719,32.890051 -96.29713,32.890051
TX,Rockwall,521,-96.297121,32.883869 -96.297268,32.877639 -96.307719,32.877639 -96.307719,32.883869 -96.297121,32.883869
TX,Rockwall,522,-96.325678,32.877639 -96.31937,32.877639 -96.31937,32.867243 -96.325678,32.867243 -96.325678,32.877639
TX,Rockwall,523,-96.31937,32.877639 -96.313063,32.877639 -96.313063,32.867243 -96.31937,32.867243 -96.31937,32.877639
TX,Rockwall,524,-96.325678,32.867243 -96.31937,32.867243 -96.31937,32.856848 -96.325678,32.856848 -96.325678,32.867243
TX,Rockwall,525,-96.31937,32.867243 -96.313063,32.867243 -96.313063,32.856848 -96.31937,32.856848 -96.31937,32.867243
TX,Rockwall,526,-96.313063,32.877639 -96.305178,32.877639 -96.305178,32.869323 -96.313063,32.869323 -96.313063,32.877639
TX,Rockwall,527,-96.305178,32.877639 -96.297268,32.877639 -96.297295,32.876511 -96.297295,32.869323 -96.305178,32.869323 -96.305178,32.877639
TX,Rockwall,528,-96.313063,32.869323 -96.307807,32.869323 -96.307807,32.856848 -96.313063,32.856848 -96.313063,32.869323
TX,Rockwall,529,-96.297295,32.869323 -96.297295,32.863086 -96.307807,32.863086 -96.307807,32.869323 -96.297295,32.869323
TX,Rockwall,530,-96.297295,32.863086 -96.297295,32.856848 -96.307807,32.856848 -96.307807,32.863086 -96.297295,32.863086
TX,Rockwall,531,-96.352551,32.856848 -96.346423,32.856848 -96.346423,32.846149 -96.352551,32.846149 -96.352551,32.856848
TX,Rockwall,532,-96.346423,32.856848 -96.340294,32.856848 -96.340294,32.846149 -96.346423,32.846149 -96.346423,32.856848
TX,Rockwall,533,-96.352551,32.846149 -96.346423,32.846149 -96.346423,32.835449 -96.352551,32.835449 -96.352551,32.846149
TX,Rockwall,534,-96.346423,32.846149 -96.340294,32.846149 -96.340294,32.835449 -96.346423,32.835449 -96.346423,32.846149
TX,Rockwall,535,-96.340294,32.856848 -96.332634,32.856848 -96.332634,32.848289 -96.340294,32.848289 -96.340294,32.856848
TX,Rockwall,536,-96.332634,32.856848 -96.324974,32.856848 -96.324974,32.848289 -96.332634,32.848289 -96.332634,32.856848
TX,Rockwall,537,-96.340294,32.848289 -96.335188,32.848289 -96.335188,32.835449 -96.340294,32.835449 -96.340294,32.848289
TX,Rockwall,538,-96.324974,32.848289 -96.324974,32.841869 -96.335188,32.841869 -96.335188,32.848289 -96.324974,32.848289
TX,Rockwall,539,-96.324974,32.841869 -96.324974,32.835449 -96.335188,32.835449 -96.335188,32.841869 -96.324974,32.841869
TX,Rockwall,540,-96.352551,32.835449 -96.346431,32.835449 -96.346431,32.824735 -96.352551,32.824735 -96.352551,32.835449
TX,Rockwall,541,-96.346431,32.835449 -96.340312,32.835449 -96.340312,32.824735 -96.346431,32.824735 -96.346431,32.835449
TX,Rockwall,542,-96.352551,32.824735 -96.346438,32.824735 -96.346438,32.81402 -96.352551,32.813996 -96.352551,32.824735
TX,Rockwall,543,-96.346438,32.824735 -96.340312,32.824735 -96.340312,32.814044 -96.346438,32.81402 -96.346438,32.824735
TX,Rockwall,544,-96.340312,32.835449 -96.332643,32.835449 -96.332643,32.826899 -96.340312,32.826899 -96.340312,32.835449
TX,Rockwall,545,-96.332643,32.835449 -96.324974,32.835449 -96.324974,32.826899 -96.332643,32.826899 -96.332643,32.835449
TX,Rockwall,546,-96.340312,32.826899 -96.335207,32.826899 -96.335207,32.814064 -96.340312,32.814044 -96.340312,32.826899
TX,Rockwall,547,-96.324974,32.826899 -96.324974,32.820492 -96.335207,32.820492 -96.335207,32.826899 -96.324974,32.826899
TX,Rockwall,548,-96.324974,32.820492 -96.324974,32.814104 -96.335207,32.814064 -96.335207,32.820492 -96.324974,32.820492
TX,Rockwall,549,-96.324974,32.856848 -96.318824,32.856848 -96.318824,32.846187 -96.324974,32.846187 -96.324974,32.856848
TX,Rockwall,550,-96.318824,32.856848 -96.312673,32.856848 -96.312673,32.846187 -96.318824,32.846187 -96.318824,32.856848
TX,Rockwall,551,-96.324974,32.846187 -96.318824,32.846187 -96.318824,32.835526 -96.324974,32.835526 -96.324974,32.846187
TX,Rockwall,552,-96.318824,32.846187 -96.312673,32.846187 -96.312673,32.835526 -96.318824,32.835526 -96.318824,32.846187
TX,Rockwall,553,-96.312673,32.856848 -96.304984,32.856848 -96.304984,32.848321 -96.312673,32.848321 -96.312673,32.856848
TX,Rockwall,554,-96.304984,32.856848 -96.297295,32.856848 -96.297295,32.848321 -96.304984,32.848321 -96.304984,32.856848
TX,Rockwall,555,-96.312673,32.848321 -96.307549,32.848321 -96.307549,32.835526 -96.312673,32.835526 -96.312673,32.848321
TX,Rockwall,556,-96.297295,32.848321 -96.297295,32.841927 -96.307549,32.841927 -96.307549,32.848321 -96.297295,32.848321
TX,Rockwall,557,-96.297295,32.841927 -96.297295,32.841713 -96.297317,32.835526 -96.307549,32.835526 -96.307549,32.841927 -96.297295,32.841927
TX,Rockwall,558,-96.324974,32.835526 -96.318845,32.835526 -96.318845,32.824827 -96.324974,32.824827 -96.324974,32.835526
TX,Rockwall,559,-96.318845,32.835526 -96.312716,32.835526 -96.312716,32.824827 -96.318845,32.824827 -96.318845,32.835526
TX,Rockwall,560,-96.324974,32.824827 -96.318852,32.824827 -96.318852,32.814128 -96.324974,32.814104 -96.324974,32.824827
TX,Rockwall,561,-96.318852,32.824827 -96.312716,32.824827 -96.312716,32.814153 -96.318852,32.814128 -96.318852,32.824827
TX,Rockwall,562,-96.312716,32.835526 -96.305024,32.835526 -96.305024,32.827001 -96.312716,32.827001 -96.312716,32.835526
TX,Rockwall,563,-96.305024,32.835526 -96.297317,32.835526 -96.297348,32.827001 -96.305024,32.827001 -96.305024,32.835526
TX,Rockwall,564,-96.312716,32.827001 -96.307609,32.827001 -96.307609,32.814173 -96.312716,32.814153 -96.312716,32.827001
TX,Rockwall,565,-96.297348,32.827001 -96.297371,32.820604 -96.307609,32.820604 -96.307609,32.827001 -96.297348,32.827001
