State,County,Original ID, polygon Point Coordinates
NA,NA,NA,,
TX,Somervell,1,-97.932253,32.240308 -97.932253,32.231849 -97.944656,32.231849 -97.945297,32.233414 -97.940399,32.236111 -97.932253,32.240308
TX,Somervell,2,-97.932253,32.231849 -97.932253,32.225995 -97.942254,32.225995 -97.944656,32.231849 -97.932253,32.231849
TX,Somervell,3,-97.920835,32.246131 -97.920835,32.237481 -97.932253,32.237481 -97.932253,32.240308 -97.930695,32.241112 -97.920835,32.246131
TX,Somervell,4,-97.920835,32.237481 -97.920835,32.231738 -97.932253,32.231738 -97.932253,32.237481 -97.920835,32.237481
TX,Somervell,5,-97.920835,32.231738 -97.920835,32.225995 -97.932253,32.225995 -97.932253,32.231738 -97.920835,32.231738
TX,Somervell,6,-97.904619,32.254386 -97.904619,32.246215 -97.92067,32.246215 -97.904619,32.254386
TX,Somervell,7,-97.920835,32.246131 -97.92067,32.246215 -97.912727,32.246215 -97.912727,32.238127 -97.920835,32.238127 -97.920835,32.246131
TX,Somervell,8,-97.912727,32.246215 -97.904619,32.246215 -97.904619,32.238127 -97.912727,32.238127 -97.912727,32.246215
TX,Somervell,9,-97.920835,32.238127 -97.91543,32.238127 -97.91543,32.225995 -97.920835,32.225995 -97.920835,32.238127
TX,Somervell,10,-97.904619,32.238127 -97.904619,32.232061 -97.91543,32.232061 -97.91543,32.238127 -97.904619,32.238127
TX,Somervell,11,-97.904619,32.232061 -97.904619,32.225995 -97.91543,32.225995 -97.91543,32.232061 -97.904619,32.232061
TX,Somervell,12,-97.942254,32.225995 -97.93137,32.225995 -97.93137,32.218996 -97.938972,32.218996 -97.940498,32.221714 -97.942254,32.225995
TX,Somervell,13,-97.93137,32.225995 -97.922,32.225995 -97.922,32.218996 -97.93137,32.218996 -97.93137,32.225995
TX,Somervell,14,-97.938972,32.218996 -97.930389,32.218996 -97.930389,32.203716 -97.938972,32.218996
TX,Somervell,15,-97.922,32.218996 -97.922,32.211179 -97.930389,32.211179 -97.930389,32.218996 -97.922,32.218996
TX,Somervell,16,-97.922,32.211179 -97.922,32.203358 -97.930187,32.203358 -97.930389,32.203716 -97.930389,32.211179 -97.922,32.211179
TX,Somervell,17,-97.922,32.225995 -97.916206,32.225995 -97.916206,32.214677 -97.922,32.214677 -97.922,32.225995
TX,Somervell,18,-97.916206,32.225995 -97.910413,32.225995 -97.910413,32.214677 -97.916206,32.214677 -97.916206,32.225995
TX,Somervell,19,-97.910413,32.225995 -97.904619,32.225995 -97.904619,32.214677 -97.910413,32.214677 -97.910413,32.225995
TX,Somervell,20,-97.922,32.214677 -97.916206,32.214677 -97.916206,32.203358 -97.922,32.203358 -97.922,32.214677
TX,Somervell,21,-97.916206,32.214677 -97.910413,32.214677 -97.910413,32.203358 -97.916206,32.203358 -97.916206,32.214677
TX,Somervell,22,-97.910413,32.214677 -97.904619,32.214677 -97.904619,32.203358 -97.910413,32.203358 -97.910413,32.214677
TX,Somervell,23,-97.904619,32.254386 -97.896399,32.258571 -97.896399,32.248502 -97.904619,32.248502 -97.904619,32.254386
TX,Somervell,24,-97.896399,32.258571 -97.890706,32.26147 -97.890706,32.248502 -97.896399,32.248502 -97.896399,32.258571
TX,Somervell,25,-97.878473,32.267697 -97.878473,32.259223 -97.890706,32.259223 -97.890706,32.26147 -97.878473,32.267697
TX,Somervell,26,-97.890706,32.259223 -97.884589,32.259223 -97.884589,32.248502 -97.890706,32.248502 -97.890706,32.259223
TX,Somervell,27,-97.884589,32.259223 -97.878473,32.259223 -97.878473,32.248502 -97.884589,32.248502 -97.884589,32.259223
TX,Somervell,28,-97.891546,32.248502 -97.891546,32.243486 -97.904619,32.243486 -97.904619,32.248502 -97.891546,32.248502
TX,Somervell,29,-97.904619,32.243486 -97.898083,32.243486 -97.898083,32.233454 -97.904619,32.233454 -97.904619,32.243486
TX,Somervell,30,-97.898083,32.243486 -97.891546,32.243486 -97.891546,32.233454 -97.898083,32.233454 -97.898083,32.243486
TX,Somervell,31,-97.878473,32.248502 -97.878473,32.243486 -97.891546,32.243486 -97.891546,32.248502 -97.878473,32.248502
TX,Somervell,32,-97.891546,32.243486 -97.885009,32.243486 -97.885009,32.233454 -97.891546,32.233454 -97.891546,32.243486
TX,Somervell,33,-97.885009,32.243486 -97.878473,32.243486 -97.878473,32.233454 -97.885009,32.233454 -97.885009,32.243486
TX,Somervell,34,-97.891546,32.233454 -97.891546,32.228438 -97.904619,32.228438 -97.904619,32.233454 -97.891546,32.233454
TX,Somervell,35,-97.904619,32.228438 -97.898083,32.228438 -97.898083,32.218406 -97.904619,32.218406 -97.904619,32.228438
TX,Somervell,36,-97.898083,32.228438 -97.891546,32.228438 -97.891546,32.218406 -97.898083,32.218406 -97.898083,32.228438
TX,Somervell,37,-97.878473,32.233454 -97.878473,32.228438 -97.891546,32.228438 -97.891546,32.233454 -97.878473,32.233454
TX,Somervell,38,-97.891546,32.228438 -97.885009,32.228438 -97.885009,32.218406 -97.891546,32.218406 -97.891546,32.228438
TX,Somervell,39,-97.885009,32.228438 -97.878473,32.228438 -97.878473,32.218406 -97.885009,32.218406 -97.885009,32.228438
TX,Somervell,40,-97.891546,32.218406 -97.891546,32.21339 -97.904619,32.21339 -97.904619,32.218406 -97.891546,32.218406
TX,Somervell,41,-97.904619,32.21339 -97.898083,32.21339 -97.898083,32.203358 -97.904619,32.203358 -97.904619,32.21339
TX,Somervell,42,-97.898083,32.21339 -97.891546,32.21339 -97.891546,32.203358 -97.898083,32.203358 -97.898083,32.21339
TX,Somervell,43,-97.878473,32.218406 -97.878473,32.21339 -97.891546,32.21339 -97.891546,32.218406 -97.878473,32.218406
TX,Somervell,44,-97.891546,32.21339 -97.885009,32.21339 -97.885009,32.203358 -97.891546,32.203358 -97.891546,32.21339
TX,Somervell,45,-97.885009,32.21339 -97.878473,32.21339 -97.878473,32.203358 -97.885009,32.203358 -97.885009,32.21339
TX,Somervell,46,-97.866647,32.273861 -97.866647,32.265215 -97.878473,32.265215 -97.878473,32.267697 -97.875298,32.269314 -97.866647,32.273861
TX,Somervell,47,-97.866647,32.265215 -97.866647,32.259669 -97.878473,32.259669 -97.878473,32.265215 -97.866647,32.265215
TX,Somervell,48,-97.85517,32.279713 -97.85517,32.271097 -97.866647,32.271097 -97.866647,32.273861 -97.863693,32.275414 -97.85517,32.279713
TX,Somervell,49,-97.866647,32.271097 -97.860909,32.271097 -97.860909,32.259669 -97.866647,32.259669 -97.866647,32.271097
TX,Somervell,50,-97.860909,32.271097 -97.85517,32.271097 -97.85517,32.259669 -97.860909,32.259669 -97.860909,32.271097
TX,Somervell,51,-97.85517,32.279713 -97.848393,32.283131 -97.848393,32.271745 -97.85517,32.271745 -97.85517,32.279713
TX,Somervell,52,-97.83888,32.28793 -97.83888,32.278638 -97.848393,32.278638 -97.848393,32.283131 -97.83888,32.28793
TX,Somervell,53,-97.83888,32.278638 -97.83888,32.271745 -97.848393,32.271745 -97.848393,32.278638 -97.83888,32.278638
TX,Somervell,54,-97.85517,32.271745 -97.84974,32.271745 -97.84974,32.259669 -97.85517,32.259669 -97.85517,32.271745
TX,Somervell,55,-97.83888,32.271745 -97.83888,32.265707 -97.84974,32.265707 -97.84974,32.271745 -97.83888,32.271745
TX,Somervell,56,-97.83888,32.265707 -97.83888,32.259669 -97.84974,32.259669 -97.84974,32.265707 -97.83888,32.265707
TX,Somervell,57,-97.878473,32.259669 -97.869474,32.259669 -97.869474,32.252382 -97.878473,32.252382 -97.878473,32.259669
TX,Somervell,58,-97.869474,32.259669 -97.860476,32.259669 -97.860476,32.252382 -97.869474,32.252382 -97.869474,32.259669
TX,Somervell,59,-97.878473,32.252382 -97.872474,32.252382 -97.872474,32.241451 -97.878473,32.241451 -97.878473,32.252382
TX,Somervell,60,-97.872474,32.252382 -97.866475,32.252382 -97.866475,32.241451 -97.872474,32.241451 -97.872474,32.252382
TX,Somervell,61,-97.866475,32.252382 -97.860476,32.252382 -97.860476,32.241451 -97.866475,32.241451 -97.866475,32.252382
TX,Somervell,62,-97.849678,32.259669 -97.849678,32.253597 -97.860476,32.253597 -97.860476,32.259669 -97.849678,32.259669
TX,Somervell,63,-97.849678,32.253597 -97.849678,32.247524 -97.860476,32.247524 -97.860476,32.253597 -97.849678,32.253597
TX,Somervell,64,-97.849678,32.247524 -97.849678,32.241451 -97.860476,32.241451 -97.860476,32.247524 -97.849678,32.247524
TX,Somervell,65,-97.83888,32.259669 -97.83888,32.253597 -97.849678,32.253597 -97.849678,32.259669 -97.83888,32.259669
TX,Somervell,66,-97.83888,32.253597 -97.83888,32.247524 -97.849678,32.247524 -97.849678,32.253597 -97.83888,32.253597
TX,Somervell,67,-97.83888,32.247524 -97.83888,32.241451 -97.849678,32.241451 -97.849678,32.247524 -97.83888,32.247524
TX,Somervell,68,-97.870898,32.241451 -97.870898,32.232794 -97.878473,32.232794 -97.878473,32.241451 -97.870898,32.241451
TX,Somervell,69,-97.870898,32.232794 -97.870898,32.224136 -97.878473,32.224136 -97.878473,32.232794 -97.870898,32.232794
TX,Somervell,70,-97.859537,32.241451 -97.859537,32.235679 -97.870898,32.235679 -97.870898,32.241451 -97.859537,32.241451
TX,Somervell,71,-97.859537,32.235679 -97.859537,32.229908 -97.870898,32.229908 -97.870898,32.235679 -97.859537,32.235679
TX,Somervell,72,-97.859537,32.229908 -97.859537,32.224136 -97.870898,32.224136 -97.870898,32.229908 -97.859537,32.229908
TX,Somervell,73,-97.878473,32.224136 -97.872161,32.224136 -97.872161,32.213747 -97.878473,32.213747 -97.878473,32.224136
TX,Somervell,74,-97.872161,32.224136 -97.865849,32.224136 -97.865849,32.213747 -97.872161,32.213747 -97.872161,32.224136
TX,Somervell,75,-97.865849,32.224136 -97.859537,32.224136 -97.859537,32.213747 -97.865849,32.213747 -97.865849,32.224136
TX,Somervell,76,-97.878473,32.213747 -97.872161,32.213747 -97.872161,32.203358 -97.878473,32.203358 -97.878473,32.213747
TX,Somervell,77,-97.872161,32.213747 -97.865849,32.213747 -97.865849,32.203358 -97.872161,32.203358 -97.872161,32.213747
TX,Somervell,78,-97.865849,32.213747 -97.859537,32.213747 -97.859537,32.203358 -97.865849,32.203358 -97.865849,32.213747
TX,Somervell,79,-97.849208,32.241451 -97.849208,32.235102 -97.859537,32.235102 -97.859537,32.241451 -97.849208,32.241451
TX,Somervell,80,-97.849208,32.235102 -97.849208,32.228753 -97.859537,32.228753 -97.859537,32.235102 -97.849208,32.235102
TX,Somervell,81,-97.849208,32.228753 -97.849208,32.222405 -97.859537,32.222405 -97.859537,32.228753 -97.849208,32.228753
TX,Somervell,82,-97.83888,32.241451 -97.83888,32.235102 -97.849208,32.235102 -97.849208,32.241451 -97.83888,32.241451
TX,Somervell,83,-97.83888,32.235102 -97.83888,32.228753 -97.849208,32.228753 -97.849208,32.235102 -97.83888,32.235102
TX,Somervell,84,-97.83888,32.228753 -97.83888,32.222405 -97.849208,32.222405 -97.849208,32.228753 -97.83888,32.228753
TX,Somervell,85,-97.849208,32.222405 -97.849208,32.216056 -97.859537,32.216056 -97.859537,32.222405 -97.849208,32.222405
TX,Somervell,86,-97.849208,32.216056 -97.849208,32.209707 -97.859537,32.209707 -97.859537,32.216056 -97.849208,32.216056
TX,Somervell,87,-97.849208,32.209707 -97.849208,32.203358 -97.859537,32.203358 -97.859537,32.209707 -97.849208,32.209707
TX,Somervell,88,-97.83888,32.222405 -97.83888,32.216056 -97.849208,32.216056 -97.849208,32.222405 -97.83888,32.222405
TX,Somervell,89,-97.83888,32.216056 -97.83888,32.209707 -97.849208,32.209707 -97.849208,32.216056 -97.83888,32.216056
TX,Somervell,90,-97.83888,32.209707 -97.83888,32.203358 -97.849208,32.203358 -97.849208,32.209707 -97.83888,32.209707
TX,Somervell,91,-97.827743,32.293548 -97.827743,32.284851 -97.83888,32.284851 -97.83888,32.28793 -97.827743,32.293548
TX,Somervell,92,-97.827743,32.284851 -97.827743,32.278963 -97.83888,32.278963 -97.83888,32.284851 -97.827743,32.284851
TX,Somervell,93,-97.816459,32.29926 -97.816459,32.290585 -97.827743,32.290585 -97.827743,32.293548 -97.818893,32.298012 -97.816459,32.29926
TX,Somervell,94,-97.816459,32.290585 -97.816459,32.284774 -97.827743,32.284774 -97.827743,32.290585 -97.816459,32.290585
TX,Somervell,95,-97.816459,32.284774 -97.816459,32.278963 -97.827743,32.278963 -97.827743,32.284774 -97.816459,32.284774
TX,Somervell,96,-97.800351,32.307518 -97.800351,32.299318 -97.816346,32.299318 -97.800351,32.307518
TX,Somervell,97,-97.816459,32.29926 -97.816346,32.299318 -97.808404,32.299318 -97.808404,32.291176 -97.816459,32.291176 -97.816459,32.29926
TX,Somervell,98,-97.808404,32.299318 -97.800351,32.299318 -97.800351,32.291176 -97.808404,32.291176 -97.808404,32.299318
TX,Somervell,99,-97.816459,32.291176 -97.811089,32.291176 -97.811089,32.278963 -97.816459,32.278963 -97.816459,32.291176
TX,Somervell,100,-97.800351,32.291176 -97.800351,32.285069 -97.811089,32.285069 -97.811089,32.291176 -97.800351,32.291176
TX,Somervell,101,-97.800351,32.285069 -97.800351,32.278963 -97.811089,32.278963 -97.811089,32.285069 -97.800351,32.285069
TX,Somervell,102,-97.790055,32.312796 -97.790055,32.303788 -97.800351,32.303788 -97.800351,32.307518 -97.790055,32.312796
TX,Somervell,103,-97.790055,32.303788 -97.790055,32.297419 -97.800351,32.297419 -97.800351,32.303788 -97.790055,32.303788
TX,Somervell,104,-97.779033,32.31648 -97.779033,32.309318 -97.790055,32.309318 -97.790055,32.312796 -97.782997,32.316414 -97.779033,32.31648
TX,Somervell,105,-97.779033,32.309318 -97.779033,32.303368 -97.790055,32.303368 -97.790055,32.309318 -97.779033,32.309318
TX,Somervell,106,-97.779033,32.303368 -97.779033,32.297419 -97.790055,32.297419 -97.790055,32.303368 -97.779033,32.303368
TX,Somervell,107,-97.789692,32.297419 -97.789692,32.291267 -97.800351,32.291267 -97.800351,32.297419 -97.789692,32.297419
TX,Somervell,108,-97.789692,32.291267 -97.789692,32.285115 -97.800351,32.285115 -97.800351,32.291267 -97.789692,32.291267
TX,Somervell,109,-97.789692,32.285115 -97.789692,32.278963 -97.800351,32.278963 -97.800351,32.285115 -97.789692,32.285115
TX,Somervell,110,-97.779033,32.297419 -97.779033,32.291267 -97.789692,32.291267 -97.789692,32.297419 -97.779033,32.297419
TX,Somervell,111,-97.779033,32.291267 -97.779033,32.285115 -97.789692,32.285115 -97.789692,32.291267 -97.779033,32.291267
TX,Somervell,112,-97.779033,32.285115 -97.779033,32.278963 -97.789692,32.278963 -97.789692,32.285115 -97.779033,32.285115
TX,Somervell,113,-97.83888,32.278963 -97.832374,32.278963 -97.832374,32.268882 -97.83888,32.268882 -97.83888,32.278963
TX,Somervell,114,-97.832374,32.278963 -97.825869,32.278963 -97.825869,32.268882 -97.832374,32.268882 -97.832374,32.278963
TX,Somervell,115,-97.825869,32.268882 -97.825869,32.263842 -97.83888,32.263842 -97.83888,32.268882 -97.825869,32.268882
TX,Somervell,116,-97.83888,32.263842 -97.832374,32.263842 -97.832374,32.253761 -97.83888,32.253761 -97.83888,32.263842
TX,Somervell,117,-97.832374,32.263842 -97.825869,32.263842 -97.825869,32.253761 -97.832374,32.253761 -97.832374,32.263842
TX,Somervell,118,-97.825869,32.278963 -97.820665,32.278963 -97.820665,32.266362 -97.825869,32.266362 -97.825869,32.278963
TX,Somervell,119,-97.810257,32.278963 -97.810257,32.272662 -97.820665,32.272662 -97.820665,32.278963 -97.810257,32.278963
TX,Somervell,120,-97.810257,32.272662 -97.810257,32.266362 -97.820665,32.266362 -97.820665,32.272662 -97.810257,32.272662
TX,Somervell,121,-97.825869,32.266362 -97.820665,32.266362 -97.820665,32.253761 -97.825869,32.253761 -97.825869,32.266362
TX,Somervell,122,-97.810257,32.266362 -97.810257,32.260061 -97.820665,32.260061 -97.820665,32.266362 -97.810257,32.266362
TX,Somervell,123,-97.810257,32.260061 -97.810257,32.253761 -97.820665,32.253761 -97.820665,32.260061 -97.810257,32.260061
TX,Somervell,124,-97.810257,32.278963 -97.805053,32.278963 -97.805053,32.266362 -97.810257,32.266362 -97.810257,32.278963
TX,Somervell,125,-97.794645,32.278963 -97.794645,32.272662 -97.805053,32.272662 -97.805053,32.278963 -97.794645,32.278963
TX,Somervell,126,-97.794645,32.272662 -97.794645,32.266362 -97.805053,32.266362 -97.805053,32.272662 -97.794645,32.272662
TX,Somervell,127,-97.810257,32.266362 -97.805053,32.266362 -97.805053,32.253761 -97.810257,32.253761 -97.810257,32.266362
TX,Somervell,128,-97.794645,32.266362 -97.794645,32.260061 -97.805053,32.260061 -97.805053,32.266362 -97.794645,32.266362
TX,Somervell,129,-97.794645,32.260061 -97.794645,32.253761 -97.805053,32.253761 -97.805053,32.260061 -97.794645,32.260061
TX,Somervell,130,-97.794645,32.278963 -97.789441,32.278963 -97.789441,32.266362 -97.794645,32.266362 -97.794645,32.278963
TX,Somervell,131,-97.779033,32.278963 -97.779033,32.272662 -97.789441,32.272662 -97.789441,32.278963 -97.779033,32.278963
TX,Somervell,132,-97.779033,32.272662 -97.779033,32.266362 -97.789441,32.266362 -97.789441,32.272662 -97.779033,32.272662
TX,Somervell,133,-97.794645,32.266362 -97.789441,32.266362 -97.789441,32.253761 -97.794645,32.253761 -97.794645,32.266362
TX,Somervell,134,-97.779033,32.266362 -97.779033,32.260061 -97.789441,32.260061 -97.789441,32.266362 -97.779033,32.266362
TX,Somervell,135,-97.779033,32.260061 -97.779033,32.253761 -97.789441,32.253761 -97.789441,32.260061 -97.779033,32.260061
TX,Somervell,136,-97.83888,32.253761 -97.832079,32.253761 -97.832079,32.244119 -97.83888,32.244119 -97.83888,32.253761
TX,Somervell,137,-97.832079,32.253761 -97.825278,32.253761 -97.825278,32.244119 -97.832079,32.244119 -97.832079,32.253761
TX,Somervell,138,-97.825278,32.244119 -97.825278,32.239298 -97.83888,32.239298 -97.83888,32.244119 -97.825278,32.244119
TX,Somervell,139,-97.83888,32.239298 -97.832079,32.239298 -97.832079,32.229655 -97.83888,32.229655 -97.83888,32.239298
TX,Somervell,140,-97.832079,32.239298 -97.825278,32.239298 -97.825278,32.229655 -97.832079,32.229655 -97.832079,32.239298
TX,Somervell,141,-97.825278,32.253761 -97.819837,32.253761 -97.819837,32.241708 -97.825278,32.241708 -97.825278,32.253761
TX,Somervell,142,-97.808956,32.253761 -97.808956,32.247735 -97.819837,32.247735 -97.819837,32.253761 -97.808956,32.253761
TX,Somervell,143,-97.808956,32.247735 -97.808956,32.241708 -97.819837,32.241708 -97.819837,32.247735 -97.808956,32.247735
TX,Somervell,144,-97.825278,32.241708 -97.819837,32.241708 -97.819837,32.229655 -97.825278,32.229655 -97.825278,32.241708
TX,Somervell,145,-97.808956,32.241708 -97.808956,32.235682 -97.819837,32.235682 -97.819837,32.241708 -97.808956,32.241708
TX,Somervell,146,-97.808956,32.235682 -97.808956,32.229655 -97.819837,32.229655 -97.819837,32.235682 -97.808956,32.235682
TX,Somervell,147,-97.83888,32.229655 -97.833892,32.229655 -97.833892,32.216507 -97.83888,32.216507 -97.83888,32.229655
TX,Somervell,148,-97.823918,32.229655 -97.823918,32.223081 -97.833892,32.223081 -97.833892,32.229655 -97.823918,32.229655
TX,Somervell,149,-97.823918,32.223081 -97.823918,32.216507 -97.833892,32.216507 -97.833892,32.223081 -97.823918,32.223081
TX,Somervell,150,-97.83888,32.216507 -97.833892,32.216507 -97.833892,32.203358 -97.83888,32.203358 -97.83888,32.216507
TX,Somervell,151,-97.823918,32.216507 -97.823918,32.209932 -97.833892,32.209932 -97.833892,32.216507 -97.823918,32.216507
TX,Somervell,152,-97.823918,32.209932 -97.823918,32.203358 -97.833892,32.203358 -97.833892,32.209932 -97.823918,32.209932
TX,Somervell,153,-97.823918,32.229655 -97.818931,32.229655 -97.818931,32.216507 -97.823918,32.216507 -97.823918,32.229655
TX,Somervell,154,-97.808956,32.229655 -97.808956,32.223081 -97.818931,32.223081 -97.818931,32.229655 -97.808956,32.229655
TX,Somervell,155,-97.808956,32.223081 -97.808956,32.216507 -97.818931,32.216507 -97.818931,32.223081 -97.808956,32.223081
TX,Somervell,156,-97.823918,32.216507 -97.818931,32.216507 -97.818931,32.203358 -97.823918,32.203358 -97.823918,32.216507
TX,Somervell,157,-97.808956,32.216507 -97.808956,32.209932 -97.818931,32.209932 -97.818931,32.216507 -97.808956,32.216507
TX,Somervell,158,-97.808956,32.209932 -97.808956,32.203358 -97.818931,32.203358 -97.818931,32.209932 -97.808956,32.209932
TX,Somervell,159,-97.808956,32.253761 -97.802155,32.253761 -97.802155,32.244119 -97.808956,32.244119 -97.808956,32.253761
TX,Somervell,160,-97.802155,32.253761 -97.795355,32.253761 -97.795355,32.244119 -97.802155,32.244119 -97.802155,32.253761
TX,Somervell,161,-97.795355,32.244119 -97.795355,32.239298 -97.808956,32.239298 -97.808956,32.244119 -97.795355,32.244119
TX,Somervell,162,-97.808956,32.239298 -97.802155,32.239298 -97.802155,32.229655 -97.808956,32.229655 -97.808956,32.239298
TX,Somervell,163,-97.802155,32.239298 -97.795355,32.239298 -97.795355,32.229655 -97.802155,32.229655 -97.802155,32.239298
TX,Somervell,164,-97.795355,32.253761 -97.789914,32.253761 -97.789914,32.241708 -97.795355,32.241708 -97.795355,32.253761
TX,Somervell,165,-97.779033,32.253761 -97.779033,32.247735 -97.789914,32.247735 -97.789914,32.253761 -97.779033,32.253761
TX,Somervell,166,-97.779033,32.247735 -97.779033,32.241708 -97.789914,32.241708 -97.789914,32.247735 -97.779033,32.247735
TX,Somervell,167,-97.795355,32.241708 -97.789914,32.241708 -97.789914,32.229655 -97.795355,32.229655 -97.795355,32.241708
TX,Somervell,168,-97.779033,32.241708 -97.779033,32.235682 -97.789914,32.235682 -97.789914,32.241708 -97.779033,32.241708
TX,Somervell,169,-97.779033,32.235682 -97.779033,32.229655 -97.789914,32.229655 -97.789914,32.235682 -97.779033,32.235682
TX,Somervell,170,-97.808956,32.229655 -97.803969,32.229655 -97.803969,32.216507 -97.808956,32.216507 -97.808956,32.229655
TX,Somervell,171,-97.793994,32.229655 -97.793994,32.223081 -97.803969,32.223081 -97.803969,32.229655 -97.793994,32.229655
TX,Somervell,172,-97.793994,32.223081 -97.793994,32.216507 -97.803969,32.216507 -97.803969,32.223081 -97.793994,32.223081
TX,Somervell,173,-97.808956,32.216507 -97.803969,32.216507 -97.803969,32.203358 -97.808956,32.203358 -97.808956,32.216507
TX,Somervell,174,-97.793994,32.216507 -97.793994,32.209932 -97.803969,32.209932 -97.803969,32.216507 -97.793994,32.216507
TX,Somervell,175,-97.793994,32.209932 -97.793994,32.203358 -97.803969,32.203358 -97.803969,32.209932 -97.793994,32.209932
TX,Somervell,176,-97.793994,32.229655 -97.789007,32.229655 -97.789007,32.216507 -97.793994,32.216507 -97.793994,32.229655
TX,Somervell,177,-97.779033,32.229655 -97.779033,32.223081 -97.789007,32.223081 -97.789007,32.229655 -97.779033,32.229655
TX,Somervell,178,-97.779033,32.223081 -97.779033,32.216507 -97.789007,32.216507 -97.789007,32.223081 -97.779033,32.223081
TX,Somervell,179,-97.793994,32.216507 -97.789007,32.216507 -97.789007,32.203358 -97.793994,32.203358 -97.793994,32.216507
TX,Somervell,180,-97.779033,32.216507 -97.779033,32.209932 -97.789007,32.209932 -97.789007,32.216507 -97.779033,32.216507
TX,Somervell,181,-97.779033,32.209932 -97.779033,32.203358 -97.789007,32.203358 -97.789007,32.209932 -97.779033,32.209932
TX,Somervell,182,-97.930187,32.203358 -97.921471,32.203358 -97.921471,32.190547 -97.922991,32.190547 -97.930187,32.203358
TX,Somervell,183,-97.921471,32.203358 -97.916352,32.203358 -97.916352,32.190547 -97.921471,32.190547 -97.921471,32.203358
TX,Somervell,184,-97.916352,32.203358 -97.911234,32.203358 -97.911234,32.190547 -97.916352,32.190547 -97.916352,32.203358
TX,Somervell,185,-97.900997,32.203358 -97.900997,32.196952 -97.911234,32.196952 -97.911234,32.203358 -97.900997,32.203358
TX,Somervell,186,-97.900997,32.196952 -97.900997,32.190547 -97.911234,32.190547 -97.911234,32.196952 -97.900997,32.196952
TX,Somervell,187,-97.922991,32.190547 -97.913731,32.190547 -97.913731,32.180248 -97.917206,32.180248 -97.922991,32.190547
TX,Somervell,188,-97.913731,32.190547 -97.907364,32.190547 -97.907364,32.180248 -97.913731,32.180248 -97.913731,32.190547
TX,Somervell,189,-97.907364,32.190547 -97.900997,32.190547 -97.900997,32.180248 -97.907364,32.180248 -97.907364,32.190547
TX,Somervell,190,-97.900997,32.180248 -97.900997,32.17587 -97.914747,32.17587 -97.917206,32.180248 -97.900997,32.180248
TX,Somervell,191,-97.914747,32.17587 -97.906049,32.17587 -97.906049,32.162892 -97.907457,32.162892 -97.914747,32.17587
TX,Somervell,192,-97.906049,32.17587 -97.900997,32.17587 -97.900997,32.162892 -97.906049,32.162892 -97.906049,32.17587
TX,Somervell,193,-97.900997,32.203358 -97.892084,32.203358 -97.892084,32.196001 -97.900997,32.196001 -97.900997,32.203358
TX,Somervell,194,-97.892084,32.203358 -97.883171,32.203358 -97.883171,32.196001 -97.892084,32.196001 -97.892084,32.203358
TX,Somervell,195,-97.900997,32.196001 -97.895055,32.196001 -97.895055,32.184965 -97.900997,32.184965 -97.900997,32.196001
TX,Somervell,196,-97.895055,32.196001 -97.889113,32.196001 -97.889113,32.184965 -97.895055,32.184965 -97.895055,32.196001
TX,Somervell,197,-97.889113,32.196001 -97.883171,32.196001 -97.883171,32.184965 -97.889113,32.184965 -97.889113,32.196001
TX,Somervell,198,-97.900997,32.184965 -97.895055,32.184965 -97.895055,32.173928 -97.900997,32.173928 -97.900997,32.184965
TX,Somervell,199,-97.895055,32.184965 -97.889113,32.184965 -97.889113,32.173928 -97.895055,32.173928 -97.895055,32.184965
TX,Somervell,200,-97.889113,32.184965 -97.883171,32.184965 -97.883171,32.173928 -97.889113,32.173928 -97.889113,32.184965
TX,Somervell,201,-97.900997,32.173928 -97.895055,32.173928 -97.895055,32.162892 -97.900997,32.162892 -97.900997,32.173928
TX,Somervell,202,-97.895055,32.173928 -97.889113,32.173928 -97.889113,32.162892 -97.895055,32.162892 -97.895055,32.173928
TX,Somervell,203,-97.889113,32.173928 -97.883171,32.173928 -97.883171,32.162892 -97.889113,32.162892 -97.889113,32.173928
TX,Somervell,204,-97.883171,32.203358 -97.8747,32.203358 -97.8747,32.195617 -97.883171,32.195617 -97.883171,32.203358
TX,Somervell,205,-97.8747,32.203358 -97.866229,32.203358 -97.866229,32.195617 -97.8747,32.195617 -97.8747,32.203358
TX,Somervell,206,-97.883171,32.195617 -97.877524,32.195617 -97.877524,32.184005 -97.883171,32.184005 -97.883171,32.195617
TX,Somervell,207,-97.866229,32.195617 -97.866229,32.189811 -97.877524,32.189811 -97.877524,32.195617 -97.866229,32.195617
TX,Somervell,208,-97.866229,32.189811 -97.866229,32.184005 -97.877524,32.184005 -97.877524,32.189811 -97.866229,32.189811
TX,Somervell,209,-97.856064,32.203358 -97.856064,32.196907 -97.866229,32.196907 -97.866229,32.203358 -97.856064,32.203358
TX,Somervell,210,-97.856064,32.196907 -97.856064,32.190456 -97.866229,32.190456 -97.866229,32.196907 -97.856064,32.196907
TX,Somervell,211,-97.856064,32.190456 -97.856064,32.184005 -97.866229,32.184005 -97.866229,32.190456 -97.856064,32.190456
TX,Somervell,212,-97.845899,32.203358 -97.845899,32.196907 -97.856064,32.196907 -97.856064,32.203358 -97.845899,32.203358
TX,Somervell,213,-97.845899,32.196907 -97.845899,32.190456 -97.856064,32.190456 -97.856064,32.196907 -97.845899,32.196907
TX,Somervell,214,-97.845899,32.190456 -97.845899,32.184005 -97.856064,32.184005 -97.856064,32.190456 -97.845899,32.190456
TX,Somervell,215,-97.883171,32.184005 -97.876959,32.184005 -97.876959,32.173449 -97.883171,32.173449 -97.883171,32.184005
TX,Somervell,216,-97.876959,32.184005 -97.870747,32.184005 -97.870747,32.173449 -97.876959,32.173449 -97.876959,32.184005
TX,Somervell,217,-97.870747,32.184005 -97.864535,32.184005 -97.864535,32.173449 -97.870747,32.173449 -97.870747,32.184005
TX,Somervell,218,-97.883171,32.173449 -97.876959,32.173449 -97.876959,32.162892 -97.883171,32.162892 -97.883171,32.173449
TX,Somervell,219,-97.876959,32.173449 -97.870747,32.173449 -97.870747,32.162892 -97.876959,32.162892 -97.876959,32.173449
TX,Somervell,220,-97.870747,32.173449 -97.864535,32.173449 -97.864535,32.162892 -97.870747,32.162892 -97.870747,32.173449
TX,Somervell,221,-97.864535,32.184005 -97.858323,32.184005 -97.858323,32.173449 -97.864535,32.173449 -97.864535,32.184005
TX,Somervell,222,-97.858323,32.184005 -97.852111,32.184005 -97.852111,32.173449 -97.858323,32.173449 -97.858323,32.184005
TX,Somervell,223,-97.852111,32.184005 -97.845899,32.184005 -97.845899,32.173449 -97.852111,32.173449 -97.852111,32.184005
TX,Somervell,224,-97.864535,32.173449 -97.858323,32.173449 -97.858323,32.162892 -97.864535,32.162892 -97.864535,32.173449
TX,Somervell,225,-97.858323,32.173449 -97.852111,32.173449 -97.852111,32.162892 -97.858323,32.162892 -97.858323,32.173449
TX,Somervell,226,-97.852111,32.173449 -97.845899,32.173449 -97.845899,32.162892 -97.852111,32.162892 -97.852111,32.173449
TX,Somervell,227,-97.907457,32.162892 -97.896526,32.162892 -97.896526,32.155483 -97.903295,32.155483 -97.907457,32.162892
TX,Somervell,228,-97.896526,32.162892 -97.887676,32.162892 -97.887676,32.155483 -97.896526,32.155483 -97.896526,32.162892
TX,Somervell,229,-97.887676,32.155483 -97.887676,32.150909 -97.900726,32.150909 -97.903295,32.155483 -97.887676,32.155483
TX,Somervell,230,-97.887676,32.150909 -97.887676,32.145177 -97.897506,32.145177 -97.900726,32.150909 -97.887676,32.150909
TX,Somervell,231,-97.887676,32.145177 -97.887676,32.136208 -97.892468,32.136208 -97.897506,32.145177 -97.887676,32.145177
TX,Somervell,232,-97.887676,32.162892 -97.882761,32.162892 -97.882761,32.14955 -97.887676,32.14955 -97.887676,32.162892
TX,Somervell,233,-97.872931,32.162892 -97.872931,32.156221 -97.882761,32.156221 -97.882761,32.162892 -97.872931,32.162892
TX,Somervell,234,-97.872931,32.156221 -97.872931,32.14955 -97.882761,32.14955 -97.882761,32.156221 -97.872931,32.156221
TX,Somervell,235,-97.887676,32.14955 -97.882761,32.14955 -97.882761,32.136208 -97.887676,32.136208 -97.887676,32.14955
TX,Somervell,236,-97.872931,32.14955 -97.872931,32.142879 -97.882761,32.142879 -97.882761,32.14955 -97.872931,32.14955
TX,Somervell,237,-97.872931,32.142879 -97.872931,32.136208 -97.882761,32.136208 -97.882761,32.142879 -97.872931,32.142879
TX,Somervell,238,-97.872931,32.162892 -97.866787,32.162892 -97.866787,32.152219 -97.872931,32.152219 -97.872931,32.162892
TX,Somervell,239,-97.866787,32.162892 -97.860644,32.162892 -97.860644,32.152219 -97.866787,32.152219 -97.866787,32.162892
TX,Somervell,240,-97.860644,32.152219 -97.860644,32.146882 -97.872931,32.146882 -97.872931,32.152219 -97.860644,32.152219
TX,Somervell,241,-97.872931,32.146882 -97.866787,32.146882 -97.866787,32.136208 -97.872931,32.136208 -97.872931,32.146882
TX,Somervell,242,-97.866787,32.146882 -97.860644,32.146882 -97.860644,32.136208 -97.866787,32.136208 -97.866787,32.146882
TX,Somervell,243,-97.860644,32.162892 -97.855729,32.162892 -97.855729,32.14955 -97.860644,32.14955 -97.860644,32.162892
TX,Somervell,244,-97.845899,32.162892 -97.845899,32.156221 -97.855729,32.156221 -97.855729,32.162892 -97.845899,32.162892
TX,Somervell,245,-97.845899,32.156221 -97.845899,32.14955 -97.855729,32.14955 -97.855729,32.156221 -97.845899,32.156221
TX,Somervell,246,-97.860644,32.14955 -97.855729,32.14955 -97.855729,32.136208 -97.860644,32.136208 -97.860644,32.14955
TX,Somervell,247,-97.845899,32.14955 -97.845899,32.142879 -97.855729,32.142879 -97.855729,32.14955 -97.845899,32.14955
TX,Somervell,248,-97.845899,32.142879 -97.845899,32.136208 -97.855729,32.136208 -97.855729,32.142879 -97.845899,32.142879
TX,Somervell,249,-97.879952,32.136208 -97.879952,32.130141 -97.889031,32.130141 -97.889999,32.131813 -97.892468,32.136208 -97.879952,32.136208
TX,Somervell,250,-97.879952,32.130141 -97.879952,32.118877 -97.882544,32.118877 -97.8834,32.120411 -97.889031,32.130141 -97.879952,32.130141
TX,Somervell,251,-97.868601,32.136208 -97.868601,32.130431 -97.879952,32.130431 -97.879952,32.136208 -97.868601,32.136208
TX,Somervell,252,-97.868601,32.130431 -97.868601,32.124654 -97.879952,32.124654 -97.879952,32.130431 -97.868601,32.130431
TX,Somervell,253,-97.868601,32.124654 -97.868601,32.118877 -97.879952,32.118877 -97.879952,32.124654 -97.868601,32.124654
TX,Somervell,254,-97.85725,32.136208 -97.85725,32.130431 -97.868601,32.130431 -97.868601,32.136208 -97.85725,32.136208
TX,Somervell,255,-97.85725,32.130431 -97.85725,32.124654 -97.868601,32.124654 -97.868601,32.130431 -97.85725,32.130431
TX,Somervell,256,-97.85725,32.124654 -97.85725,32.118877 -97.868601,32.118877 -97.868601,32.124654 -97.85725,32.124654
TX,Somervell,257,-97.845899,32.136208 -97.845899,32.130431 -97.85725,32.130431 -97.85725,32.136208 -97.845899,32.136208
TX,Somervell,258,-97.845899,32.130431 -97.845899,32.124654 -97.85725,32.124654 -97.85725,32.130431 -97.845899,32.130431
TX,Somervell,259,-97.845899,32.124654 -97.845899,32.118877 -97.85725,32.118877 -97.85725,32.124654 -97.845899,32.124654
TX,Somervell,260,-97.882544,32.118877 -97.87342,32.118877 -97.87342,32.108209 -97.876591,32.108209 -97.882544,32.118877
TX,Somervell,261,-97.87342,32.118877 -97.867273,32.118877 -97.867273,32.108209 -97.87342,32.108209 -97.87342,32.118877
TX,Somervell,262,-97.867273,32.118877 -97.861126,32.118877 -97.861126,32.108209 -97.867273,32.108209 -97.867273,32.118877
TX,Somervell,263,-97.861126,32.108209 -97.861126,32.103583 -97.874009,32.103583 -97.876591,32.108209 -97.861126,32.108209
TX,Somervell,264,-97.861126,32.103583 -97.861126,32.097759 -97.870759,32.097759 -97.874009,32.103583 -97.861126,32.103583
TX,Somervell,265,-97.861126,32.097759 -97.861126,32.089349 -97.865097,32.087612 -97.870759,32.097759 -97.861126,32.097759
TX,Somervell,266,-97.861126,32.118877 -97.85605,32.118877 -97.85605,32.105957 -97.861126,32.105957 -97.861126,32.118877
TX,Somervell,267,-97.845899,32.118877 -97.845899,32.112417 -97.85605,32.112417 -97.85605,32.118877 -97.845899,32.118877
TX,Somervell,268,-97.845899,32.112417 -97.845899,32.105957 -97.85605,32.105957 -97.85605,32.112417 -97.845899,32.112417
TX,Somervell,269,-97.845899,32.105957 -97.845899,32.10165 -97.861126,32.10165 -97.861126,32.105957 -97.845899,32.105957
TX,Somervell,270,-97.861126,32.10165 -97.855121,32.10165 -97.855121,32.0922 -97.858696,32.090412 -97.861126,32.089349 -97.861126,32.10165
TX,Somervell,271,-97.855121,32.10165 -97.845899,32.10165 -97.845899,32.096911 -97.852097,32.093712 -97.855121,32.0922 -97.855121,32.10165
TX,Somervell,272,-97.845899,32.203358 -97.83847,32.203358 -97.83847,32.194532 -97.845899,32.194532 -97.845899,32.203358
TX,Somervell,273,-97.83847,32.203358 -97.83104,32.203358 -97.83104,32.194532 -97.83847,32.194532 -97.83847,32.203358
TX,Somervell,274,-97.845899,32.194532 -97.840946,32.194532 -97.840946,32.181293 -97.845899,32.181293 -97.845899,32.194532
TX,Somervell,275,-97.83104,32.194532 -97.83104,32.187912 -97.840946,32.187912 -97.840946,32.194532 -97.83104,32.194532
TX,Somervell,276,-97.83104,32.187912 -97.83104,32.181293 -97.840946,32.181293 -97.840946,32.187912 -97.83104,32.187912
TX,Somervell,277,-97.83104,32.203358 -97.825096,32.203358 -97.825096,32.192325 -97.83104,32.192325 -97.83104,32.203358
TX,Somervell,278,-97.825096,32.203358 -97.819153,32.203358 -97.819153,32.192325 -97.825096,32.192325 -97.825096,32.203358
TX,Somervell,279,-97.819153,32.203358 -97.813209,32.203358 -97.813209,32.192325 -97.819153,32.192325 -97.819153,32.203358
TX,Somervell,280,-97.83104,32.192325 -97.825096,32.192325 -97.825096,32.181293 -97.83104,32.181293 -97.83104,32.192325
TX,Somervell,281,-97.825096,32.192325 -97.819153,32.192325 -97.819153,32.181293 -97.825096,32.181293 -97.825096,32.192325
TX,Somervell,282,-97.819153,32.192325 -97.813209,32.192325 -97.813209,32.181293 -97.819153,32.181293 -97.819153,32.192325
TX,Somervell,283,-97.845899,32.181293 -97.83847,32.181293 -97.83847,32.172466 -97.845899,32.172466 -97.845899,32.181293
TX,Somervell,284,-97.83847,32.181293 -97.83104,32.181293 -97.83104,32.172466 -97.83847,32.172466 -97.83847,32.181293
TX,Somervell,285,-97.845899,32.172466 -97.840946,32.172466 -97.840946,32.159227 -97.845899,32.159227 -97.845899,32.172466
TX,Somervell,286,-97.83104,32.172466 -97.83104,32.165847 -97.840946,32.165847 -97.840946,32.172466 -97.83104,32.172466
TX,Somervell,287,-97.83104,32.165847 -97.83104,32.159227 -97.840946,32.159227 -97.840946,32.165847 -97.83104,32.165847
TX,Somervell,288,-97.83104,32.181293 -97.825096,32.181293 -97.825096,32.17026 -97.83104,32.17026 -97.83104,32.181293
TX,Somervell,289,-97.825096,32.181293 -97.819153,32.181293 -97.819153,32.17026 -97.825096,32.17026 -97.825096,32.181293
TX,Somervell,290,-97.819153,32.181293 -97.813209,32.181293 -97.813209,32.17026 -97.819153,32.17026 -97.819153,32.181293
TX,Somervell,291,-97.83104,32.17026 -97.825096,32.17026 -97.825096,32.159227 -97.83104,32.159227 -97.83104,32.17026
TX,Somervell,292,-97.825096,32.17026 -97.819153,32.17026 -97.819153,32.159227 -97.825096,32.159227 -97.825096,32.17026
TX,Somervell,293,-97.819153,32.17026 -97.813209,32.17026 -97.813209,32.159227 -97.819153,32.159227 -97.819153,32.17026
TX,Somervell,294,-97.813209,32.203358 -97.805442,32.203358 -97.805442,32.194916 -97.813209,32.194916 -97.813209,32.203358
TX,Somervell,295,-97.805442,32.203358 -97.797674,32.203358 -97.797674,32.194916 -97.805442,32.194916 -97.805442,32.203358
TX,Somervell,296,-97.813209,32.194916 -97.808031,32.194916 -97.808031,32.182252 -97.813209,32.182252 -97.813209,32.194916
TX,Somervell,297,-97.797674,32.194916 -97.797674,32.188584 -97.808031,32.188584 -97.808031,32.194916 -97.797674,32.194916
TX,Somervell,298,-97.797674,32.188584 -97.797674,32.182252 -97.808031,32.182252 -97.808031,32.188584 -97.797674,32.188584
TX,Somervell,299,-97.797674,32.203358 -97.791461,32.203358 -97.791461,32.192805 -97.797674,32.192805 -97.797674,32.203358
TX,Somervell,300,-97.791461,32.203358 -97.785247,32.203358 -97.785247,32.192805 -97.791461,32.192805 -97.791461,32.203358
TX,Somervell,301,-97.785247,32.203358 -97.779033,32.203358 -97.779033,32.192805 -97.785247,32.192805 -97.785247,32.203358
TX,Somervell,302,-97.797674,32.192805 -97.791461,32.192805 -97.791461,32.182252 -97.797674,32.182252 -97.797674,32.192805
TX,Somervell,303,-97.791461,32.192805 -97.785247,32.192805 -97.785247,32.182252 -97.791461,32.182252 -97.791461,32.192805
TX,Somervell,304,-97.785247,32.192805 -97.779033,32.192805 -97.779033,32.182252 -97.785247,32.182252 -97.785247,32.192805
TX,Somervell,305,-97.813209,32.182252 -97.807513,32.182252 -97.807513,32.17074 -97.813209,32.17074 -97.813209,32.182252
TX,Somervell,306,-97.796121,32.182252 -97.796121,32.176496 -97.807513,32.176496 -97.807513,32.182252 -97.796121,32.182252
TX,Somervell,307,-97.796121,32.176496 -97.796121,32.17074 -97.807513,32.17074 -97.807513,32.176496 -97.796121,32.176496
TX,Somervell,308,-97.813209,32.17074 -97.807513,32.17074 -97.807513,32.159227 -97.813209,32.159227 -97.813209,32.17074
TX,Somervell,309,-97.796121,32.17074 -97.796121,32.164983 -97.807513,32.164983 -97.807513,32.17074 -97.796121,32.17074
TX,Somervell,310,-97.796121,32.164983 -97.796121,32.159227 -97.807513,32.159227 -97.807513,32.164983 -97.796121,32.164983
TX,Somervell,311,-97.796121,32.182252 -97.790425,32.182252 -97.790425,32.17074 -97.796121,32.17074 -97.796121,32.182252
TX,Somervell,312,-97.779033,32.182252 -97.779033,32.176496 -97.790425,32.176496 -97.790425,32.182252 -97.779033,32.182252
TX,Somervell,313,-97.779033,32.176496 -97.779033,32.17074 -97.790425,32.17074 -97.790425,32.176496 -97.779033,32.176496
TX,Somervell,314,-97.796121,32.17074 -97.790425,32.17074 -97.790425,32.159227 -97.796121,32.159227 -97.796121,32.17074
TX,Somervell,315,-97.779033,32.17074 -97.779033,32.164983 -97.790425,32.164983 -97.790425,32.17074 -97.779033,32.17074
TX,Somervell,316,-97.779033,32.164983 -97.779033,32.159227 -97.790425,32.159227 -97.790425,32.164983 -97.779033,32.164983
TX,Somervell,317,-97.845899,32.159227 -97.839698,32.159227 -97.839698,32.148653 -97.845899,32.148653 -97.845899,32.159227
TX,Somervell,318,-97.839698,32.159227 -97.833496,32.159227 -97.833496,32.148653 -97.839698,32.148653 -97.839698,32.159227
TX,Somervell,319,-97.833496,32.148653 -97.833496,32.143366 -97.845899,32.143366 -97.845899,32.148653 -97.833496,32.148653
TX,Somervell,320,-97.845899,32.143366 -97.839698,32.143366 -97.839698,32.132792 -97.845899,32.132792 -97.845899,32.143366
TX,Somervell,321,-97.839698,32.143366 -97.833496,32.143366 -97.833496,32.132792 -97.839698,32.132792 -97.839698,32.143366
TX,Somervell,322,-97.833496,32.159227 -97.828535,32.159227 -97.828535,32.146009 -97.833496,32.146009 -97.833496,32.159227
TX,Somervell,323,-97.818613,32.159227 -97.818613,32.152618 -97.828535,32.152618 -97.828535,32.159227 -97.818613,32.159227
TX,Somervell,324,-97.818613,32.152618 -97.818613,32.146009 -97.828535,32.146009 -97.828535,32.152618 -97.818613,32.152618
TX,Somervell,325,-97.833496,32.146009 -97.828535,32.146009 -97.828535,32.132792 -97.833496,32.132792 -97.833496,32.146009
TX,Somervell,326,-97.818613,32.146009 -97.818613,32.139401 -97.828535,32.139401 -97.828535,32.146009 -97.818613,32.146009
TX,Somervell,327,-97.818613,32.139401 -97.818613,32.132792 -97.828535,32.132792 -97.828535,32.139401 -97.818613,32.139401
TX,Somervell,328,-97.832256,32.132792 -97.832256,32.127985 -97.845899,32.127985 -97.845899,32.132792 -97.832256,32.132792
TX,Somervell,329,-97.845899,32.127985 -97.839078,32.127985 -97.839078,32.118373 -97.845899,32.118373 -97.845899,32.127985
TX,Somervell,330,-97.839078,32.127985 -97.832256,32.127985 -97.832256,32.118373 -97.839078,32.118373 -97.839078,32.127985
TX,Somervell,331,-97.818613,32.132792 -97.818613,32.127985 -97.832256,32.127985 -97.832256,32.132792 -97.818613,32.132792
TX,Somervell,332,-97.832256,32.127985 -97.825434,32.127985 -97.825434,32.118373 -97.832256,32.118373 -97.832256,32.127985
TX,Somervell,333,-97.825434,32.127985 -97.818613,32.127985 -97.818613,32.118373 -97.825434,32.118373 -97.825434,32.127985
TX,Somervell,334,-97.83541,32.118373 -97.83541,32.112121 -97.845899,32.112121 -97.845899,32.118373 -97.83541,32.118373
TX,Somervell,335,-97.83541,32.112121 -97.83541,32.10587 -97.845899,32.10587 -97.845899,32.112121 -97.83541,32.112121
TX,Somervell,336,-97.83541,32.10587 -97.83541,32.102325 -97.845899,32.096911 -97.845899,32.10587 -97.83541,32.10587
TX,Somervell,337,-97.83541,32.118373 -97.831012,32.118373 -97.831012,32.104595 -97.83541,32.102325 -97.83541,32.118373
TX,Somervell,338,-97.818613,32.118373 -97.818613,32.113084 -97.831012,32.113084 -97.831012,32.118373 -97.818613,32.118373
TX,Somervell,339,-97.818613,32.113084 -97.818613,32.110996 -97.831012,32.104595 -97.831012,32.113084 -97.818613,32.113084
TX,Somervell,340,-97.818613,32.159227 -97.809617,32.159227 -97.809617,32.151937 -97.818613,32.151937 -97.818613,32.159227
TX,Somervell,341,-97.809617,32.159227 -97.800622,32.159227 -97.800622,32.151937 -97.809617,32.151937 -97.809617,32.159227
TX,Somervell,342,-97.818613,32.151937 -97.812616,32.151937 -97.812616,32.141003 -97.818613,32.141003 -97.818613,32.151937
TX,Somervell,343,-97.812616,32.151937 -97.806619,32.151937 -97.806619,32.141003 -97.812616,32.141003 -97.812616,32.151937
TX,Somervell,344,-97.806619,32.151937 -97.800622,32.151937 -97.800622,32.141003 -97.806619,32.141003 -97.806619,32.151937
TX,Somervell,345,-97.789827,32.159227 -97.789827,32.153152 -97.800622,32.153152 -97.800622,32.159227 -97.789827,32.159227
TX,Somervell,346,-97.789827,32.153152 -97.789827,32.147077 -97.800622,32.147077 -97.800622,32.153152 -97.789827,32.153152
TX,Somervell,347,-97.789827,32.147077 -97.789827,32.141003 -97.800622,32.141003 -97.800622,32.147077 -97.789827,32.147077
TX,Somervell,348,-97.779033,32.159227 -97.779033,32.153152 -97.789827,32.153152 -97.789827,32.159227 -97.779033,32.159227
TX,Somervell,349,-97.779033,32.153152 -97.779033,32.147077 -97.789827,32.147077 -97.789827,32.153152 -97.779033,32.153152
TX,Somervell,350,-97.779033,32.147077 -97.779033,32.141003 -97.789827,32.141003 -97.789827,32.147077 -97.779033,32.147077
TX,Somervell,351,-97.818613,32.141003 -97.813594,32.141003 -97.813594,32.127937 -97.818613,32.127937 -97.818613,32.141003
TX,Somervell,352,-97.803556,32.141003 -97.803556,32.13447 -97.813594,32.13447 -97.813594,32.141003 -97.803556,32.141003
TX,Somervell,353,-97.803556,32.13447 -97.803556,32.127937 -97.813594,32.127937 -97.813594,32.13447 -97.803556,32.13447
TX,Somervell,354,-97.803556,32.127937 -97.803556,32.123582 -97.818613,32.123582 -97.818613,32.127937 -97.803556,32.127937
TX,Somervell,355,-97.818613,32.123582 -97.812681,32.123582 -97.812681,32.114057 -97.818613,32.110996 -97.818613,32.123582
TX,Somervell,356,-97.812681,32.123582 -97.803556,32.123582 -97.803556,32.118731 -97.811798,32.114513 -97.812681,32.114057 -97.812681,32.123582
TX,Somervell,357,-97.793579,32.141003 -97.793579,32.13443 -97.803556,32.13443 -97.803556,32.141003 -97.793579,32.141003
TX,Somervell,358,-97.793579,32.13443 -97.793579,32.127857 -97.803556,32.127857 -97.803556,32.13443 -97.793579,32.13443
TX,Somervell,359,-97.793579,32.127857 -97.793579,32.123837 -97.803556,32.118731 -97.803556,32.127857 -97.793579,32.127857
TX,Somervell,360,-97.779033,32.141003 -97.779033,32.136495 -97.793579,32.136495 -97.793579,32.141003 -97.779033,32.141003
TX,Somervell,361,-97.793579,32.136495 -97.78772,32.136495 -97.78772,32.126702 -97.790695,32.125313 -97.793579,32.123837 -97.793579,32.136495
TX,Somervell,362,-97.78772,32.136495 -97.779033,32.136495 -97.779033,32.131191 -97.787697,32.126713 -97.78772,32.126702 -97.78772,32.136495
TX,Somervell,363,-97.770689,32.316619 -97.770689,32.30869 -97.779033,32.30869 -97.779033,32.31648 -97.770689,32.316619
TX,Somervell,364,-97.770689,32.30869 -97.770689,32.300831 -97.779033,32.300831 -97.779033,32.30869 -97.770689,32.30869
TX,Somervell,365,-97.75831,32.316819 -97.75831,32.311425 -97.770689,32.311425 -97.770689,32.316619 -97.759193,32.316811 -97.75831,32.316819
TX,Somervell,366,-97.770689,32.311425 -97.7645,32.311425 -97.7645,32.300831 -97.770689,32.300831 -97.770689,32.311425
TX,Somervell,367,-97.7645,32.311425 -97.75831,32.311425 -97.75831,32.300831 -97.7645,32.300831 -97.7645,32.311425
TX,Somervell,368,-97.768671,32.300831 -97.768671,32.294502 -97.779033,32.294502 -97.779033,32.300831 -97.768671,32.300831
TX,Somervell,369,-97.768671,32.294502 -97.768671,32.288173 -97.779033,32.288173 -97.779033,32.294502 -97.768671,32.294502
TX,Somervell,370,-97.768671,32.288173 -97.768671,32.281845 -97.779033,32.281845 -97.779033,32.288173 -97.768671,32.288173
TX,Somervell,371,-97.75831,32.300831 -97.75831,32.294502 -97.768671,32.294502 -97.768671,32.300831 -97.75831,32.300831
TX,Somervell,372,-97.75831,32.294502 -97.75831,32.288173 -97.768671,32.288173 -97.768671,32.294502 -97.75831,32.294502
TX,Somervell,373,-97.75831,32.288173 -97.75831,32.281845 -97.768671,32.281845 -97.768671,32.288173 -97.75831,32.288173
TX,Somervell,374,-97.750053,32.316901 -97.750053,32.308918 -97.75831,32.308918 -97.75831,32.316819 -97.750053,32.316901
TX,Somervell,375,-97.750053,32.308918 -97.750053,32.300977 -97.75831,32.300977 -97.75831,32.308918 -97.750053,32.308918
TX,Somervell,376,-97.737745,32.317022 -97.737745,32.311633 -97.750053,32.311633 -97.750053,32.316901 -97.737745,32.317022
TX,Somervell,377,-97.750053,32.311633 -97.743899,32.311633 -97.743899,32.300977 -97.750053,32.300977 -97.750053,32.311633
TX,Somervell,378,-97.743899,32.311633 -97.737745,32.311633 -97.737745,32.300977 -97.743899,32.300977 -97.743899,32.311633
TX,Somervell,379,-97.748027,32.300977 -97.748027,32.2946 -97.75831,32.2946 -97.75831,32.300977 -97.748027,32.300977
TX,Somervell,380,-97.748027,32.2946 -97.748027,32.288222 -97.75831,32.288222 -97.75831,32.2946 -97.748027,32.2946
TX,Somervell,381,-97.748027,32.288222 -97.748027,32.281845 -97.75831,32.281845 -97.75831,32.288222 -97.748027,32.288222
TX,Somervell,382,-97.737745,32.300977 -97.737745,32.2946 -97.748027,32.2946 -97.748027,32.300977 -97.737745,32.300977
TX,Somervell,383,-97.737745,32.2946 -97.737745,32.288222 -97.748027,32.288222 -97.748027,32.2946 -97.737745,32.2946
TX,Somervell,384,-97.737745,32.288222 -97.737745,32.281845 -97.748027,32.281845 -97.748027,32.288222 -97.737745,32.288222
TX,Somervell,385,-97.771134,32.281845 -97.771134,32.273542 -97.779033,32.273542 -97.779033,32.281845 -97.771134,32.281845
TX,Somervell,386,-97.771134,32.273542 -97.771134,32.26524 -97.779033,32.26524 -97.779033,32.273542 -97.771134,32.273542
TX,Somervell,387,-97.759287,32.281845 -97.759287,32.27631 -97.771134,32.27631 -97.771134,32.281845 -97.759287,32.281845
TX,Somervell,388,-97.771134,32.27631 -97.76521,32.27631 -97.76521,32.26524 -97.771134,32.26524 -97.771134,32.27631
TX,Somervell,389,-97.76521,32.27631 -97.759287,32.27631 -97.759287,32.26524 -97.76521,32.26524 -97.76521,32.27631
TX,Somervell,390,-97.779033,32.26524 -97.772451,32.26524 -97.772451,32.255277 -97.779033,32.255277 -97.779033,32.26524
TX,Somervell,391,-97.772451,32.26524 -97.765869,32.26524 -97.765869,32.255277 -97.772451,32.255277 -97.772451,32.26524
TX,Somervell,392,-97.765869,32.26524 -97.759287,32.26524 -97.759287,32.255277 -97.765869,32.255277 -97.765869,32.26524
TX,Somervell,393,-97.779033,32.255277 -97.772451,32.255277 -97.772451,32.245315 -97.779033,32.245315 -97.779033,32.255277
TX,Somervell,394,-97.772451,32.255277 -97.765869,32.255277 -97.765869,32.245315 -97.772451,32.245315 -97.772451,32.255277
TX,Somervell,395,-97.765869,32.255277 -97.759287,32.255277 -97.759287,32.245315 -97.765869,32.245315 -97.765869,32.255277
TX,Somervell,396,-97.748516,32.281845 -97.748516,32.275756 -97.759287,32.275756 -97.759287,32.281845 -97.748516,32.281845
TX,Somervell,397,-97.748516,32.275756 -97.748516,32.269668 -97.759287,32.269668 -97.759287,32.275756 -97.748516,32.275756
TX,Somervell,398,-97.748516,32.269668 -97.748516,32.26358 -97.759287,32.26358 -97.759287,32.269668 -97.748516,32.269668
TX,Somervell,399,-97.737745,32.281845 -97.737745,32.275756 -97.748516,32.275756 -97.748516,32.281845 -97.737745,32.281845
TX,Somervell,400,-97.737745,32.275756 -97.737745,32.269668 -97.748516,32.269668 -97.748516,32.275756 -97.737745,32.275756
TX,Somervell,401,-97.737745,32.269668 -97.737745,32.26358 -97.748516,32.26358 -97.748516,32.269668 -97.737745,32.269668
TX,Somervell,402,-97.748516,32.26358 -97.748516,32.257491 -97.759287,32.257491 -97.759287,32.26358 -97.748516,32.26358
TX,Somervell,403,-97.748516,32.257491 -97.748516,32.251403 -97.759287,32.251403 -97.759287,32.257491 -97.748516,32.257491
TX,Somervell,404,-97.748516,32.251403 -97.748516,32.245315 -97.759287,32.245315 -97.759287,32.251403 -97.748516,32.251403
TX,Somervell,405,-97.737745,32.26358 -97.737745,32.257491 -97.748516,32.257491 -97.748516,32.26358 -97.737745,32.26358
TX,Somervell,406,-97.737745,32.257491 -97.737745,32.251403 -97.748516,32.251403 -97.748516,32.257491 -97.737745,32.257491
TX,Somervell,407,-97.737745,32.251403 -97.737745,32.245315 -97.748516,32.245315 -97.748516,32.251403 -97.737745,32.251403
TX,Somervell,408,-97.729481,32.317103 -97.729481,32.309128 -97.737745,32.309128 -97.737745,32.317022 -97.729481,32.317103
TX,Somervell,409,-97.729481,32.309128 -97.729481,32.301193 -97.737745,32.301193 -97.737745,32.309128 -97.729481,32.309128
TX,Somervell,410,-97.717163,32.317225 -97.717163,32.311841 -97.729481,32.311841 -97.729481,32.317103 -97.717163,32.317225
TX,Somervell,411,-97.729481,32.311841 -97.723322,32.311841 -97.723322,32.301193 -97.729481,32.301193 -97.729481,32.311841
TX,Somervell,412,-97.723322,32.311841 -97.717163,32.311841 -97.717163,32.301193 -97.723322,32.301193 -97.723322,32.311841
TX,Somervell,413,-97.727454,32.301193 -97.727454,32.294821 -97.737745,32.294821 -97.737745,32.301193 -97.727454,32.301193
TX,Somervell,414,-97.727454,32.294821 -97.727454,32.28845 -97.737745,32.28845 -97.737745,32.294821 -97.727454,32.294821
TX,Somervell,415,-97.727454,32.28845 -97.727454,32.282078 -97.737745,32.282078 -97.737745,32.28845 -97.727454,32.28845
TX,Somervell,416,-97.717163,32.301193 -97.717163,32.294821 -97.727454,32.294821 -97.727454,32.301193 -97.717163,32.301193
TX,Somervell,417,-97.717163,32.294821 -97.717163,32.28845 -97.727454,32.28845 -97.727454,32.294821 -97.717163,32.294821
TX,Somervell,418,-97.717163,32.28845 -97.717163,32.282078 -97.727454,32.282078 -97.727454,32.28845 -97.717163,32.28845
TX,Somervell,419,-97.708936,32.317306 -97.708936,32.309294 -97.717163,32.309294 -97.717163,32.317225 -97.708936,32.317306
TX,Somervell,420,-97.708936,32.309294 -97.708936,32.301323 -97.717163,32.301323 -97.717163,32.309294 -97.708936,32.309294
TX,Somervell,421,-97.696719,32.317554 -97.696719,32.312058 -97.708936,32.312058 -97.708936,32.317306 -97.708099,32.317314 -97.696719,32.317554
TX,Somervell,422,-97.708936,32.312058 -97.702828,32.312058 -97.702828,32.301323 -97.708936,32.301323 -97.708936,32.312058
TX,Somervell,423,-97.702828,32.312058 -97.696719,32.312058 -97.696719,32.301323 -97.702828,32.301323 -97.702828,32.312058
TX,Somervell,424,-97.706941,32.301323 -97.706941,32.294908 -97.717163,32.294908 -97.717163,32.301323 -97.706941,32.301323
TX,Somervell,425,-97.706941,32.294908 -97.706941,32.288493 -97.717163,32.288493 -97.717163,32.294908 -97.706941,32.294908
TX,Somervell,426,-97.706941,32.288493 -97.706941,32.282078 -97.717163,32.282078 -97.717163,32.288493 -97.706941,32.288493
TX,Somervell,427,-97.696719,32.301323 -97.696719,32.294908 -97.706941,32.294908 -97.706941,32.301323 -97.696719,32.301323
TX,Somervell,428,-97.696719,32.294908 -97.696719,32.288493 -97.706941,32.288493 -97.706941,32.294908 -97.696719,32.294908
TX,Somervell,429,-97.696719,32.288493 -97.696719,32.282078 -97.706941,32.282078 -97.706941,32.288493 -97.696719,32.288493
TX,Somervell,430,-97.729897,32.282078 -97.729897,32.273722 -97.737745,32.273722 -97.737745,32.282078 -97.729897,32.282078
TX,Somervell,431,-97.729897,32.273722 -97.729897,32.265367 -97.737745,32.265367 -97.737745,32.273722 -97.729897,32.273722
TX,Somervell,432,-97.718124,32.282078 -97.718124,32.276507 -97.729897,32.276507 -97.729897,32.282078 -97.718124,32.282078
TX,Somervell,433,-97.729897,32.276507 -97.72401,32.276507 -97.72401,32.265367 -97.729897,32.265367 -97.729897,32.276507
TX,Somervell,434,-97.72401,32.276507 -97.718124,32.276507 -97.718124,32.265367 -97.72401,32.265367 -97.72401,32.276507
TX,Somervell,435,-97.737745,32.265367 -97.731205,32.265367 -97.731205,32.255341 -97.737745,32.255341 -97.737745,32.265367
TX,Somervell,436,-97.731205,32.265367 -97.724664,32.265367 -97.724664,32.255341 -97.731205,32.255341 -97.731205,32.265367
TX,Somervell,437,-97.724664,32.265367 -97.718124,32.265367 -97.718124,32.255341 -97.724664,32.255341 -97.724664,32.265367
TX,Somervell,438,-97.737745,32.255341 -97.731205,32.255341 -97.731205,32.245315 -97.737745,32.245315 -97.737745,32.255341
TX,Somervell,439,-97.731205,32.255341 -97.724664,32.255341 -97.724664,32.245315 -97.731205,32.245315 -97.731205,32.255341
TX,Somervell,440,-97.724664,32.255341 -97.718124,32.255341 -97.718124,32.245315 -97.724664,32.245315 -97.724664,32.255341
TX,Somervell,441,-97.707422,32.282078 -97.707422,32.27595 -97.718124,32.27595 -97.718124,32.282078 -97.707422,32.282078
TX,Somervell,442,-97.707422,32.27595 -97.707422,32.269823 -97.718124,32.269823 -97.718124,32.27595 -97.707422,32.27595
TX,Somervell,443,-97.707422,32.269823 -97.707422,32.263696 -97.718124,32.263696 -97.718124,32.269823 -97.707422,32.269823
TX,Somervell,444,-97.696719,32.282078 -97.696719,32.27595 -97.707422,32.27595 -97.707422,32.282078 -97.696719,32.282078
TX,Somervell,445,-97.696719,32.27595 -97.696719,32.269823 -97.707422,32.269823 -97.707422,32.27595 -97.696719,32.27595
TX,Somervell,446,-97.696719,32.269823 -97.696719,32.263696 -97.707422,32.263696 -97.707422,32.269823 -97.696719,32.269823
TX,Somervell,447,-97.707422,32.263696 -97.707422,32.257569 -97.718124,32.257569 -97.718124,32.263696 -97.707422,32.263696
TX,Somervell,448,-97.707422,32.257569 -97.707422,32.251442 -97.718124,32.251442 -97.718124,32.257569 -97.707422,32.257569
TX,Somervell,449,-97.707422,32.251442 -97.707422,32.245315 -97.718124,32.245315 -97.718124,32.251442 -97.707422,32.251442
TX,Somervell,450,-97.696719,32.263696 -97.696719,32.257569 -97.707422,32.257569 -97.707422,32.263696 -97.696719,32.263696
TX,Somervell,451,-97.696719,32.257569 -97.696719,32.251442 -97.707422,32.251442 -97.707422,32.257569 -97.696719,32.257569
TX,Somervell,452,-97.696719,32.251442 -97.696719,32.245315 -97.707422,32.245315 -97.707422,32.251442 -97.696719,32.251442
TX,Somervell,453,-97.688502,32.317722 -97.688502,32.309661 -97.696719,32.309661 -97.696719,32.317554 -97.689293,32.317711 -97.688502,32.317722
TX,Somervell,454,-97.688502,32.309661 -97.688502,32.30168 -97.696719,32.30168 -97.696719,32.309661 -97.688502,32.309661
TX,Somervell,455,-97.676304,32.317894 -97.676304,32.312432 -97.688502,32.312432 -97.688502,32.317722 -97.676304,32.317894
TX,Somervell,456,-97.688502,32.312432 -97.682403,32.312432 -97.682403,32.30168 -97.688502,32.30168 -97.688502,32.312432
TX,Somervell,457,-97.682403,32.312432 -97.676304,32.312432 -97.676304,32.30168 -97.682403,32.30168 -97.682403,32.312432
TX,Somervell,458,-97.686512,32.30168 -97.686512,32.295256 -97.696719,32.295256 -97.696719,32.30168 -97.686512,32.30168
TX,Somervell,459,-97.686512,32.295256 -97.686512,32.288832 -97.696719,32.288832 -97.696719,32.295256 -97.686512,32.295256
TX,Somervell,460,-97.686512,32.288832 -97.686512,32.282408 -97.696719,32.282408 -97.696719,32.288832 -97.686512,32.288832
TX,Somervell,461,-97.676304,32.30168 -97.676304,32.295256 -97.686512,32.295256 -97.686512,32.30168 -97.676304,32.30168
TX,Somervell,462,-97.676304,32.295256 -97.676304,32.288832 -97.686512,32.288832 -97.686512,32.295256 -97.676304,32.295256
TX,Somervell,463,-97.676304,32.288832 -97.676304,32.282408 -97.686512,32.282408 -97.686512,32.288832 -97.676304,32.288832
TX,Somervell,464,-97.668163,32.31801 -97.668163,32.309897 -97.676304,32.309897 -97.676304,32.317894 -97.668163,32.31801
TX,Somervell,465,-97.668163,32.309897 -97.668163,32.301842 -97.676304,32.301842 -97.676304,32.309897 -97.668163,32.309897
TX,Somervell,466,-97.656059,32.318181 -97.656059,32.312677 -97.668163,32.312677 -97.668163,32.31801 -97.656059,32.318181
TX,Somervell,467,-97.668163,32.312677 -97.662111,32.312677 -97.662111,32.301842 -97.668163,32.301842 -97.668163,32.312677
TX,Somervell,468,-97.662111,32.312677 -97.656059,32.312677 -97.656059,32.301842 -97.662111,32.301842 -97.662111,32.312677
TX,Somervell,469,-97.666181,32.301842 -97.666181,32.295364 -97.676304,32.295364 -97.676304,32.301842 -97.666181,32.301842
TX,Somervell,470,-97.666181,32.295364 -97.666181,32.288886 -97.676304,32.288886 -97.676304,32.295364 -97.666181,32.295364
TX,Somervell,471,-97.666181,32.288886 -97.666181,32.282408 -97.676304,32.282408 -97.676304,32.288886 -97.666181,32.288886
TX,Somervell,472,-97.656059,32.301842 -97.656059,32.295364 -97.666181,32.295364 -97.666181,32.301842 -97.656059,32.301842
TX,Somervell,473,-97.656059,32.295364 -97.656059,32.288886 -97.666181,32.288886 -97.666181,32.295364 -97.656059,32.295364
TX,Somervell,474,-97.656059,32.288886 -97.656059,32.282408 -97.666181,32.282408 -97.666181,32.288886 -97.656059,32.288886
TX,Somervell,475,-97.688941,32.282408 -97.688941,32.273978 -97.696719,32.273978 -97.696719,32.282408 -97.688941,32.282408
TX,Somervell,476,-97.688941,32.273978 -97.688941,32.265547 -97.696719,32.265547 -97.696719,32.273978 -97.688941,32.273978
TX,Somervell,477,-97.677273,32.282408 -97.677273,32.276788 -97.688941,32.276788 -97.688941,32.282408 -97.677273,32.282408
TX,Somervell,478,-97.688941,32.276788 -97.683107,32.276788 -97.683107,32.265547 -97.688941,32.265547 -97.688941,32.276788
TX,Somervell,479,-97.683107,32.276788 -97.677273,32.276788 -97.677273,32.265547 -97.683107,32.265547 -97.683107,32.276788
TX,Somervell,480,-97.696719,32.265547 -97.690237,32.265547 -97.690237,32.255431 -97.696719,32.255431 -97.696719,32.265547
TX,Somervell,481,-97.690237,32.265547 -97.683755,32.265547 -97.683755,32.255431 -97.690237,32.255431 -97.690237,32.265547
TX,Somervell,482,-97.683755,32.265547 -97.677273,32.265547 -97.677273,32.255431 -97.683755,32.255431 -97.683755,32.265547
TX,Somervell,483,-97.696719,32.255431 -97.690237,32.255431 -97.690237,32.245315 -97.696719,32.245315 -97.696719,32.255431
TX,Somervell,484,-97.690237,32.255431 -97.683755,32.255431 -97.683755,32.245315 -97.690237,32.245315 -97.690237,32.255431
TX,Somervell,485,-97.683755,32.255431 -97.677273,32.255431 -97.677273,32.245315 -97.683755,32.245315 -97.683755,32.255431
TX,Somervell,486,-97.666666,32.282408 -97.666666,32.276226 -97.677273,32.276226 -97.677273,32.282408 -97.666666,32.282408
TX,Somervell,487,-97.666666,32.276226 -97.666666,32.270044 -97.677273,32.270044 -97.677273,32.276226 -97.666666,32.276226
TX,Somervell,488,-97.666666,32.270044 -97.666666,32.263861 -97.677273,32.263861 -97.677273,32.270044 -97.666666,32.270044
TX,Somervell,489,-97.656059,32.282408 -97.656059,32.276226 -97.666666,32.276226 -97.666666,32.282408 -97.656059,32.282408
TX,Somervell,490,-97.656059,32.276226 -97.656059,32.270044 -97.666666,32.270044 -97.666666,32.276226 -97.656059,32.276226
TX,Somervell,491,-97.656059,32.270044 -97.656059,32.263861 -97.666666,32.263861 -97.666666,32.270044 -97.656059,32.270044
TX,Somervell,492,-97.666666,32.263861 -97.666666,32.257679 -97.677273,32.257679 -97.677273,32.263861 -97.666666,32.263861
TX,Somervell,493,-97.666666,32.257679 -97.666666,32.251497 -97.677273,32.251497 -97.677273,32.257679 -97.666666,32.257679
TX,Somervell,494,-97.666666,32.251497 -97.666666,32.245315 -97.677273,32.245315 -97.677273,32.251497 -97.666666,32.251497
TX,Somervell,495,-97.656059,32.263861 -97.656059,32.257679 -97.666666,32.257679 -97.666666,32.263861 -97.656059,32.263861
TX,Somervell,496,-97.656059,32.257679 -97.656059,32.251497 -97.666666,32.251497 -97.666666,32.257679 -97.656059,32.257679
TX,Somervell,497,-97.656059,32.251497 -97.656059,32.245315 -97.666666,32.245315 -97.666666,32.251497 -97.656059,32.251497
TX,Somervell,498,-97.648161,32.318292 -97.648161,32.309933 -97.656059,32.309933 -97.656059,32.318181 -97.648161,32.318292
TX,Somervell,499,-97.648161,32.309933 -97.648161,32.30163 -97.656059,32.30163 -97.656059,32.309933 -97.648161,32.309933
TX,Somervell,500,-97.636413,32.318458 -97.636413,32.312793 -97.648161,32.312793 -97.648161,32.318292 -97.636413,32.318458
TX,Somervell,501,-97.648161,32.312793 -97.642287,32.312793 -97.642287,32.30163 -97.648161,32.30163 -97.648161,32.312793
TX,Somervell,502,-97.642287,32.312793 -97.636413,32.312793 -97.636413,32.30163 -97.642287,32.30163 -97.642287,32.312793
TX,Somervell,503,-97.656059,32.30163 -97.64951,32.30163 -97.64951,32.291616 -97.656059,32.291616 -97.656059,32.30163
TX,Somervell,504,-97.64951,32.30163 -97.642962,32.30163 -97.642962,32.291616 -97.64951,32.291616 -97.64951,32.30163
TX,Somervell,505,-97.642962,32.30163 -97.636413,32.30163 -97.636413,32.291616 -97.642962,32.291616 -97.642962,32.30163
TX,Somervell,506,-97.656059,32.291616 -97.64951,32.291616 -97.64951,32.281602 -97.656059,32.281602 -97.656059,32.291616
TX,Somervell,507,-97.64951,32.291616 -97.642962,32.291616 -97.642962,32.281602 -97.64951,32.281602 -97.64951,32.291616
TX,Somervell,508,-97.642962,32.291616 -97.636413,32.291616 -97.636413,32.281602 -97.642962,32.281602 -97.642962,32.291616
TX,Somervell,509,-97.625888,32.318607 -97.625888,32.312302 -97.636413,32.312302 -97.636413,32.318458 -97.625888,32.318607
TX,Somervell,510,-97.625888,32.312302 -97.625888,32.306072 -97.636413,32.306072 -97.636413,32.312302 -97.625888,32.312302
TX,Somervell,511,-97.625888,32.306072 -97.625888,32.299841 -97.636413,32.299841 -97.636413,32.306072 -97.625888,32.306072
TX,Somervell,512,-97.625595,32.318611 -97.615494,32.318012 -97.615326,32.312059 -97.625888,32.312059 -97.625888,32.318607 -97.625595,32.318611
TX,Somervell,513,-97.615326,32.312059 -97.615153,32.305902 -97.625888,32.305902 -97.625888,32.312059 -97.615326,32.312059
TX,Somervell,514,-97.615153,32.305902 -97.614998,32.300411 -97.614989,32.299841 -97.625888,32.299841 -97.625888,32.305902 -97.615153,32.305902
TX,Somervell,515,-97.625628,32.299841 -97.625628,32.293762 -97.636413,32.293762 -97.636413,32.299841 -97.625628,32.299841
TX,Somervell,516,-97.625628,32.293762 -97.625628,32.287682 -97.636413,32.287682 -97.636413,32.293762 -97.625628,32.293762
TX,Somervell,517,-97.625628,32.287682 -97.625628,32.281602 -97.636413,32.281602 -97.636413,32.287682 -97.625628,32.287682
TX,Somervell,518,-97.614989,32.299841 -97.61489,32.293706 -97.625628,32.293706 -97.625628,32.299841 -97.614989,32.299841
TX,Somervell,519,-97.61489,32.293706 -97.614792,32.287627 -97.625628,32.287627 -97.625628,32.293706 -97.61489,32.293706
TX,Somervell,520,-97.614792,32.287627 -97.614695,32.281602 -97.625628,32.281602 -97.625628,32.287627 -97.614792,32.287627
TX,Somervell,521,-97.648107,32.281602 -97.648107,32.273355 -97.656059,32.273355 -97.656059,32.281602 -97.648107,32.281602
TX,Somervell,522,-97.648107,32.273355 -97.648107,32.265108 -97.656059,32.265108 -97.656059,32.273355 -97.648107,32.273355
TX,Somervell,523,-97.63618,32.281602 -97.63618,32.276104 -97.648107,32.276104 -97.648107,32.281602 -97.63618,32.281602
TX,Somervell,524,-97.648107,32.276104 -97.642144,32.276104 -97.642144,32.265108 -97.648107,32.265108 -97.648107,32.276104
TX,Somervell,525,-97.642144,32.276104 -97.63618,32.276104 -97.63618,32.265108 -97.642144,32.265108 -97.642144,32.276104
TX,Somervell,526,-97.64612,32.265108 -97.64612,32.25851 -97.656059,32.25851 -97.656059,32.265108 -97.64612,32.265108
TX,Somervell,527,-97.64612,32.25851 -97.64612,32.251912 -97.656059,32.251912 -97.656059,32.25851 -97.64612,32.25851
TX,Somervell,528,-97.64612,32.251912 -97.64612,32.245315 -97.656059,32.245315 -97.656059,32.251912 -97.64612,32.251912
TX,Somervell,529,-97.63618,32.265108 -97.63618,32.25851 -97.64612,32.25851 -97.64612,32.265108 -97.63618,32.265108
TX,Somervell,530,-97.63618,32.25851 -97.63618,32.251912 -97.64612,32.251912 -97.64612,32.25851 -97.63618,32.25851
TX,Somervell,531,-97.63618,32.251912 -97.63618,32.245315 -97.64612,32.245315 -97.64612,32.251912 -97.63618,32.251912
TX,Somervell,532,-97.625365,32.281602 -97.625365,32.275539 -97.63618,32.275539 -97.63618,32.281602 -97.625365,32.281602
TX,Somervell,533,-97.625365,32.275539 -97.625365,32.269476 -97.63618,32.269476 -97.63618,32.275539 -97.625365,32.275539
TX,Somervell,534,-97.625365,32.269476 -97.625365,32.263414 -97.63618,32.263414 -97.63618,32.269476 -97.625365,32.269476
TX,Somervell,535,-97.614695,32.281602 -97.614597,32.275484 -97.625365,32.275484 -97.625365,32.281602 -97.614695,32.281602
TX,Somervell,536,-97.614597,32.275484 -97.614499,32.269422 -97.625365,32.269422 -97.625365,32.275484 -97.614597,32.275484
TX,Somervell,537,-97.614499,32.269422 -97.614402,32.263414 -97.625365,32.263414 -97.625365,32.269422 -97.614499,32.269422
TX,Somervell,538,-97.625311,32.263414 -97.625311,32.257381 -97.63618,32.257381 -97.63618,32.263414 -97.625311,32.263414
TX,Somervell,539,-97.625311,32.257381 -97.625311,32.251348 -97.63618,32.251348 -97.63618,32.257381 -97.625311,32.257381
TX,Somervell,540,-97.625311,32.251348 -97.625311,32.245315 -97.63618,32.245315 -97.63618,32.251348 -97.625311,32.251348
TX,Somervell,541,-97.614402,32.263414 -97.614306,32.257429 -97.625311,32.257429 -97.625311,32.263414 -97.614402,32.263414
TX,Somervell,542,-97.614306,32.257429 -97.614296,32.256813 -97.614482,32.25143 -97.625311,32.25143 -97.625311,32.257429 -97.614306,32.257429
TX,Somervell,543,-97.614482,32.25143 -97.614693,32.245315 -97.625311,32.245315 -97.625311,32.25143 -97.614482,32.25143
TX,Somervell,544,-97.779033,32.245315 -97.772302,32.245315 -97.772302,32.235573 -97.779033,32.235573 -97.779033,32.245315
TX,Somervell,545,-97.772302,32.245315 -97.765571,32.245315 -97.765571,32.235573 -97.772302,32.235573 -97.772302,32.245315
TX,Somervell,546,-97.765571,32.235573 -97.765571,32.230702 -97.779033,32.230702 -97.779033,32.235573 -97.765571,32.235573
TX,Somervell,547,-97.779033,32.230702 -97.772302,32.230702 -97.772302,32.22096 -97.779033,32.22096 -97.779033,32.230702
TX,Somervell,548,-97.772302,32.230702 -97.765571,32.230702 -97.765571,32.22096 -97.772302,32.22096 -97.772302,32.230702
TX,Somervell,549,-97.765571,32.245315 -97.760186,32.245315 -97.760186,32.233137 -97.765571,32.233137 -97.765571,32.245315
TX,Somervell,550,-97.749416,32.245315 -97.749416,32.239226 -97.760186,32.239226 -97.760186,32.245315 -97.749416,32.245315
TX,Somervell,551,-97.749416,32.239226 -97.749416,32.233137 -97.760186,32.233137 -97.760186,32.239226 -97.749416,32.239226
TX,Somervell,552,-97.765571,32.233137 -97.760186,32.233137 -97.760186,32.22096 -97.765571,32.22096 -97.765571,32.233137
TX,Somervell,553,-97.749416,32.233137 -97.749416,32.227048 -97.760186,32.227048 -97.760186,32.233137 -97.749416,32.233137
TX,Somervell,554,-97.749416,32.227048 -97.749416,32.22096 -97.760186,32.22096 -97.760186,32.227048 -97.749416,32.227048
TX,Somervell,555,-97.779033,32.22096 -97.772302,32.22096 -97.772302,32.211218 -97.779033,32.211218 -97.779033,32.22096
TX,Somervell,556,-97.772302,32.22096 -97.765571,32.22096 -97.765571,32.211218 -97.772302,32.211218 -97.772302,32.22096
TX,Somervell,557,-97.765571,32.211218 -97.765571,32.206347 -97.779033,32.206347 -97.779033,32.211218 -97.765571,32.211218
TX,Somervell,558,-97.779033,32.206347 -97.772302,32.206347 -97.772302,32.196604 -97.779033,32.196604 -97.779033,32.206347
TX,Somervell,559,-97.772302,32.206347 -97.765571,32.206347 -97.765571,32.196604 -97.772302,32.196604 -97.772302,32.206347
TX,Somervell,560,-97.765571,32.22096 -97.760186,32.22096 -97.760186,32.208782 -97.765571,32.208782 -97.765571,32.22096
TX,Somervell,561,-97.749416,32.22096 -97.749416,32.214871 -97.760186,32.214871 -97.760186,32.22096 -97.749416,32.22096
TX,Somervell,562,-97.749416,32.214871 -97.749416,32.208782 -97.760186,32.208782 -97.760186,32.214871 -97.749416,32.214871
TX,Somervell,563,-97.765571,32.208782 -97.760186,32.208782 -97.760186,32.196604 -97.765571,32.196604 -97.765571,32.208782
TX,Somervell,564,-97.749416,32.208782 -97.749416,32.202693 -97.760186,32.202693 -97.760186,32.208782 -97.749416,32.208782
TX,Somervell,565,-97.749416,32.202693 -97.749416,32.196604 -97.760186,32.196604 -97.760186,32.202693 -97.749416,32.202693
TX,Somervell,566,-97.749416,32.245315 -97.742379,32.245315 -97.742379,32.235996 -97.749416,32.235996 -97.749416,32.245315
TX,Somervell,567,-97.742379,32.245315 -97.735342,32.245315 -97.735342,32.235996 -97.742379,32.235996 -97.742379,32.245315
TX,Somervell,568,-97.749416,32.235996 -97.744724,32.235996 -97.744724,32.222019 -97.749416,32.222019 -97.749416,32.235996
TX,Somervell,569,-97.735342,32.235996 -97.735342,32.229007 -97.744724,32.229007 -97.744724,32.235996 -97.735342,32.235996
TX,Somervell,570,-97.735342,32.229007 -97.735342,32.222019 -97.744724,32.222019 -97.744724,32.229007 -97.735342,32.229007
TX,Somervell,571,-97.735342,32.245315 -97.729712,32.245315 -97.729712,32.233667 -97.735342,32.233667 -97.735342,32.245315
TX,Somervell,572,-97.718453,32.245315 -97.718453,32.239491 -97.729712,32.239491 -97.729712,32.245315 -97.718453,32.245315
TX,Somervell,573,-97.718453,32.239491 -97.718453,32.233667 -97.729712,32.233667 -97.729712,32.239491 -97.718453,32.239491
TX,Somervell,574,-97.735342,32.233667 -97.729712,32.233667 -97.729712,32.222019 -97.735342,32.222019 -97.735342,32.233667
TX,Somervell,575,-97.718453,32.233667 -97.718453,32.227843 -97.729712,32.227843 -97.729712,32.233667 -97.718453,32.233667
TX,Somervell,576,-97.718453,32.227843 -97.718453,32.222019 -97.729712,32.222019 -97.729712,32.227843 -97.718453,32.227843
TX,Somervell,577,-97.749416,32.222019 -97.744255,32.222019 -97.744255,32.209312 -97.749416,32.209312 -97.749416,32.222019
TX,Somervell,578,-97.733934,32.222019 -97.733934,32.215665 -97.744255,32.215665 -97.744255,32.222019 -97.733934,32.222019
TX,Somervell,579,-97.733934,32.215665 -97.733934,32.209312 -97.744255,32.209312 -97.744255,32.215665 -97.733934,32.215665
TX,Somervell,580,-97.749416,32.209312 -97.744255,32.209312 -97.744255,32.196604 -97.749416,32.196604 -97.749416,32.209312
TX,Somervell,581,-97.733934,32.209312 -97.733934,32.202958 -97.744255,32.202958 -97.744255,32.209312 -97.733934,32.209312
TX,Somervell,582,-97.733934,32.202958 -97.733934,32.196604 -97.744255,32.196604 -97.744255,32.202958 -97.733934,32.202958
TX,Somervell,583,-97.733934,32.222019 -97.728774,32.222019 -97.728774,32.209312 -97.733934,32.209312 -97.733934,32.222019
TX,Somervell,584,-97.718453,32.222019 -97.718453,32.215665 -97.728774,32.215665 -97.728774,32.222019 -97.718453,32.222019
TX,Somervell,585,-97.718453,32.215665 -97.718453,32.209312 -97.728774,32.209312 -97.728774,32.215665 -97.718453,32.215665
TX,Somervell,586,-97.733934,32.209312 -97.728774,32.209312 -97.728774,32.196604 -97.733934,32.196604 -97.733934,32.209312
TX,Somervell,587,-97.718453,32.209312 -97.718453,32.202958 -97.728774,32.202958 -97.728774,32.209312 -97.718453,32.209312
TX,Somervell,588,-97.718453,32.202958 -97.718453,32.196604 -97.728774,32.196604 -97.728774,32.202958 -97.718453,32.202958
TX,Somervell,589,-97.779033,32.196604 -97.772448,32.196604 -97.772448,32.186646 -97.779033,32.186646 -97.779033,32.196604
TX,Somervell,590,-97.772448,32.196604 -97.765863,32.196604 -97.765863,32.186646 -97.772448,32.186646 -97.772448,32.196604
TX,Somervell,591,-97.765863,32.186646 -97.765863,32.181667 -97.779033,32.181667 -97.779033,32.186646 -97.765863,32.186646
TX,Somervell,592,-97.779033,32.181667 -97.772448,32.181667 -97.772448,32.171708 -97.779033,32.171708 -97.779033,32.181667
TX,Somervell,593,-97.772448,32.181667 -97.765863,32.181667 -97.765863,32.171708 -97.772448,32.171708 -97.772448,32.181667
TX,Somervell,594,-97.765863,32.196604 -97.760595,32.196604 -97.760595,32.184156 -97.765863,32.184156 -97.765863,32.196604
TX,Somervell,595,-97.75006,32.196604 -97.75006,32.19038 -97.760595,32.19038 -97.760595,32.196604 -97.75006,32.196604
TX,Somervell,596,-97.75006,32.19038 -97.75006,32.184156 -97.760595,32.184156 -97.760595,32.19038 -97.75006,32.19038
TX,Somervell,597,-97.765863,32.184156 -97.760595,32.184156 -97.760595,32.171708 -97.765863,32.171708 -97.765863,32.184156
TX,Somervell,598,-97.75006,32.184156 -97.75006,32.177932 -97.760595,32.177932 -97.760595,32.184156 -97.75006,32.184156
TX,Somervell,599,-97.75006,32.177932 -97.75006,32.171708 -97.760595,32.171708 -97.760595,32.177932 -97.75006,32.177932
TX,Somervell,600,-97.75006,32.196604 -97.744792,32.196604 -97.744792,32.184156 -97.75006,32.184156 -97.75006,32.196604
TX,Somervell,601,-97.734256,32.196604 -97.734256,32.19038 -97.744792,32.19038 -97.744792,32.196604 -97.734256,32.196604
TX,Somervell,602,-97.734256,32.19038 -97.734256,32.184156 -97.744792,32.184156 -97.744792,32.19038 -97.734256,32.19038
TX,Somervell,603,-97.75006,32.184156 -97.744792,32.184156 -97.744792,32.171708 -97.75006,32.171708 -97.75006,32.184156
TX,Somervell,604,-97.734256,32.184156 -97.734256,32.177932 -97.744792,32.177932 -97.744792,32.184156 -97.734256,32.184156
TX,Somervell,605,-97.734256,32.177932 -97.734256,32.171708 -97.744792,32.171708 -97.744792,32.177932 -97.734256,32.177932
TX,Somervell,606,-97.734256,32.196604 -97.728988,32.196604 -97.728988,32.184156 -97.734256,32.184156 -97.734256,32.196604
TX,Somervell,607,-97.718453,32.196604 -97.718453,32.19038 -97.728988,32.19038 -97.728988,32.196604 -97.718453,32.196604
TX,Somervell,608,-97.718453,32.19038 -97.718453,32.184156 -97.728988,32.184156 -97.728988,32.19038 -97.718453,32.19038
TX,Somervell,609,-97.734256,32.184156 -97.728988,32.184156 -97.728988,32.171708 -97.734256,32.171708 -97.734256,32.184156
TX,Somervell,610,-97.718453,32.184156 -97.718453,32.177932 -97.728988,32.177932 -97.728988,32.184156 -97.718453,32.184156
TX,Somervell,611,-97.718453,32.177932 -97.718453,32.171708 -97.728988,32.171708 -97.728988,32.177932 -97.718453,32.177932
TX,Somervell,612,-97.770842,32.171708 -97.770842,32.163703 -97.779033,32.163703 -97.779033,32.171708 -97.770842,32.171708
TX,Somervell,613,-97.770842,32.163703 -97.770842,32.155697 -97.779033,32.155697 -97.779033,32.163703 -97.770842,32.163703
TX,Somervell,614,-97.758555,32.171708 -97.758555,32.166371 -97.770842,32.166371 -97.770842,32.171708 -97.758555,32.171708
TX,Somervell,615,-97.770842,32.166371 -97.764698,32.166371 -97.764698,32.155697 -97.770842,32.155697 -97.770842,32.166371
TX,Somervell,616,-97.764698,32.166371 -97.758555,32.166371 -97.758555,32.155697 -97.764698,32.155697 -97.764698,32.166371
TX,Somervell,617,-97.779033,32.155697 -97.772207,32.155697 -97.772207,32.14609 -97.779033,32.14609 -97.779033,32.155697
TX,Somervell,618,-97.772207,32.155697 -97.765381,32.155697 -97.765381,32.14609 -97.772207,32.14609 -97.772207,32.155697
TX,Somervell,619,-97.765381,32.155697 -97.758555,32.155697 -97.758555,32.14609 -97.765381,32.14609 -97.765381,32.155697
TX,Somervell,620,-97.779033,32.14609 -97.774232,32.14609 -97.774232,32.133673 -97.779033,32.131191 -97.779033,32.14609
TX,Somervell,621,-97.774232,32.14609 -97.768191,32.14609 -97.768191,32.136795 -97.774232,32.133673 -97.774232,32.14609
TX,Somervell,622,-97.768191,32.14609 -97.758555,32.14609 -97.758555,32.141776 -97.768191,32.136795 -97.768191,32.14609
TX,Somervell,623,-97.758555,32.171708 -97.753515,32.171708 -97.753515,32.158696 -97.758555,32.158696 -97.758555,32.171708
TX,Somervell,624,-97.743437,32.171708 -97.743437,32.165202 -97.753515,32.165202 -97.753515,32.171708 -97.743437,32.171708
TX,Somervell,625,-97.743437,32.165202 -97.743437,32.158696 -97.753515,32.158696 -97.753515,32.165202 -97.743437,32.165202
TX,Somervell,626,-97.743437,32.158696 -97.743437,32.154358 -97.758555,32.154358 -97.758555,32.158696 -97.743437,32.158696
TX,Somervell,627,-97.758555,32.154358 -97.752619,32.154358 -97.752619,32.144844 -97.758555,32.141776 -97.758555,32.154358
TX,Somervell,628,-97.752619,32.154358 -97.743437,32.154358 -97.743437,32.149591 -97.752619,32.144844 -97.752619,32.154358
TX,Somervell,629,-97.733368,32.171708 -97.733368,32.165195 -97.743437,32.165195 -97.743437,32.171708 -97.733368,32.171708
TX,Somervell,630,-97.733368,32.165195 -97.733368,32.158683 -97.743437,32.158683 -97.743437,32.165195 -97.733368,32.165195
TX,Somervell,631,-97.733368,32.158683 -97.733368,32.154731 -97.740494,32.151112 -97.743437,32.149591 -97.743437,32.158683 -97.733368,32.158683
TX,Somervell,632,-97.718453,32.171708 -97.718453,32.167312 -97.733368,32.167312 -97.733368,32.171708 -97.718453,32.171708
TX,Somervell,633,-97.733368,32.167312 -97.727448,32.167312 -97.727448,32.157737 -97.733368,32.154731 -97.733368,32.167312
TX,Somervell,634,-97.727448,32.167312 -97.718453,32.167312 -97.718453,32.162306 -97.727448,32.157737 -97.727448,32.167312
TX,Somervell,635,-97.710335,32.245315 -97.710335,32.237237 -97.718453,32.237237 -97.718453,32.245315 -97.710335,32.245315
TX,Somervell,636,-97.710335,32.237237 -97.710335,32.229159 -97.718453,32.229159 -97.718453,32.237237 -97.710335,32.237237
TX,Somervell,637,-97.710335,32.245315 -97.698158,32.245315 -97.698158,32.23993 -97.710335,32.23993 -97.710335,32.245315
TX,Somervell,638,-97.710335,32.23993 -97.704246,32.23993 -97.704246,32.229159 -97.710335,32.229159 -97.710335,32.23993
TX,Somervell,639,-97.704246,32.23993 -97.698158,32.23993 -97.698158,32.229159 -97.704246,32.229159 -97.704246,32.23993
TX,Somervell,640,-97.708305,32.229159 -97.708305,32.222697 -97.718453,32.222697 -97.718453,32.229159 -97.708305,32.229159
TX,Somervell,641,-97.708305,32.222697 -97.708305,32.216234 -97.718453,32.216234 -97.718453,32.222697 -97.708305,32.222697
TX,Somervell,642,-97.708305,32.216234 -97.708305,32.209772 -97.718453,32.209772 -97.718453,32.216234 -97.708305,32.216234
TX,Somervell,643,-97.698158,32.229159 -97.698158,32.222697 -97.708305,32.222697 -97.708305,32.229159 -97.698158,32.229159
TX,Somervell,644,-97.698158,32.222697 -97.698158,32.216234 -97.708305,32.216234 -97.708305,32.222697 -97.698158,32.222697
TX,Somervell,645,-97.698158,32.216234 -97.698158,32.209772 -97.708305,32.209772 -97.708305,32.216234 -97.698158,32.216234
TX,Somervell,646,-97.69004,32.245315 -97.69004,32.237237 -97.698158,32.237237 -97.698158,32.245315 -97.69004,32.245315
TX,Somervell,647,-97.69004,32.237237 -97.69004,32.229159 -97.698158,32.229159 -97.698158,32.237237 -97.69004,32.237237
TX,Somervell,648,-97.677864,32.245315 -97.677864,32.23993 -97.69004,32.23993 -97.69004,32.245315 -97.677864,32.245315
TX,Somervell,649,-97.69004,32.23993 -97.683952,32.23993 -97.683952,32.229159 -97.69004,32.229159 -97.69004,32.23993
TX,Somervell,650,-97.683952,32.23993 -97.677864,32.23993 -97.677864,32.229159 -97.683952,32.229159 -97.683952,32.23993
TX,Somervell,651,-97.688011,32.229159 -97.688011,32.222697 -97.698158,32.222697 -97.698158,32.229159 -97.688011,32.229159
TX,Somervell,652,-97.688011,32.222697 -97.688011,32.216234 -97.698158,32.216234 -97.698158,32.222697 -97.688011,32.222697
TX,Somervell,653,-97.688011,32.216234 -97.688011,32.209772 -97.698158,32.209772 -97.698158,32.216234 -97.688011,32.216234
TX,Somervell,654,-97.677864,32.229159 -97.677864,32.222697 -97.688011,32.222697 -97.688011,32.229159 -97.677864,32.229159
TX,Somervell,655,-97.677864,32.222697 -97.677864,32.216234 -97.688011,32.216234 -97.688011,32.222697 -97.677864,32.222697
TX,Somervell,656,-97.677864,32.216234 -97.677864,32.209772 -97.688011,32.209772 -97.688011,32.216234 -97.677864,32.216234
TX,Somervell,657,-97.711073,32.209772 -97.711073,32.200886 -97.718453,32.200886 -97.718453,32.209772 -97.711073,32.209772
TX,Somervell,658,-97.711073,32.200886 -97.711073,32.192 -97.718453,32.192 -97.718453,32.200886 -97.711073,32.200886
TX,Somervell,659,-97.700003,32.209772 -97.700003,32.203848 -97.711073,32.203848 -97.711073,32.209772 -97.700003,32.209772
TX,Somervell,660,-97.700003,32.203848 -97.700003,32.197924 -97.711073,32.197924 -97.711073,32.203848 -97.700003,32.203848
TX,Somervell,661,-97.700003,32.197924 -97.700003,32.192 -97.711073,32.192 -97.711073,32.197924 -97.700003,32.197924
TX,Somervell,662,-97.688933,32.209772 -97.688933,32.203848 -97.700003,32.203848 -97.700003,32.209772 -97.688933,32.209772
TX,Somervell,663,-97.688933,32.203848 -97.688933,32.197924 -97.700003,32.197924 -97.700003,32.203848 -97.688933,32.203848
TX,Somervell,664,-97.688933,32.197924 -97.688933,32.192 -97.700003,32.192 -97.700003,32.197924 -97.688933,32.197924
TX,Somervell,665,-97.677864,32.209772 -97.677864,32.203848 -97.688933,32.203848 -97.688933,32.209772 -97.677864,32.209772
TX,Somervell,666,-97.677864,32.203848 -97.677864,32.197924 -97.688933,32.197924 -97.688933,32.203848 -97.677864,32.203848
TX,Somervell,667,-97.677864,32.197924 -97.677864,32.192 -97.688933,32.192 -97.688933,32.197924 -97.677864,32.197924
TX,Somervell,668,-97.718453,32.192 -97.713374,32.192 -97.713374,32.179088 -97.718453,32.179088 -97.718453,32.192
TX,Somervell,669,-97.703218,32.192 -97.703218,32.185544 -97.713374,32.185544 -97.713374,32.192 -97.703218,32.192
TX,Somervell,670,-97.703218,32.185544 -97.703218,32.179088 -97.713374,32.179088 -97.713374,32.185544 -97.703218,32.185544
TX,Somervell,671,-97.703218,32.179088 -97.703218,32.174783 -97.718453,32.174783 -97.718453,32.179088 -97.703218,32.179088
TX,Somervell,672,-97.718453,32.174783 -97.712468,32.174783 -97.712468,32.165345 -97.718453,32.162306 -97.718453,32.174783
TX,Somervell,673,-97.712468,32.174783 -97.703218,32.174783 -97.703218,32.170044 -97.712468,32.165345 -97.712468,32.174783
TX,Somervell,674,-97.693066,32.192 -97.693066,32.185541 -97.703218,32.185541 -97.703218,32.192 -97.693066,32.192
TX,Somervell,675,-97.693066,32.185541 -97.693066,32.179081 -97.703218,32.179081 -97.703218,32.185541 -97.693066,32.185541
TX,Somervell,676,-97.693066,32.179081 -97.693066,32.175199 -97.703218,32.170044 -97.703218,32.179081 -97.693066,32.179081
TX,Somervell,677,-97.677864,32.192 -97.677864,32.187687 -97.693066,32.187687 -97.693066,32.192 -97.677864,32.192
TX,Somervell,678,-97.693066,32.187687 -97.687088,32.187687 -97.687088,32.178236 -97.693066,32.175199 -97.693066,32.187687
TX,Somervell,679,-97.687088,32.187687 -97.677864,32.187687 -97.677864,32.182921 -97.687088,32.178236 -97.687088,32.187687
TX,Somervell,680,-97.677864,32.245315 -97.671687,32.245315 -97.671687,32.234699 -97.677864,32.234699 -97.677864,32.245315
TX,Somervell,681,-97.671687,32.245315 -97.665509,32.245315 -97.665509,32.234699 -97.671687,32.234699 -97.671687,32.245315
TX,Somervell,682,-97.665509,32.234699 -97.665509,32.229391 -97.677864,32.229391 -97.677864,32.234699 -97.665509,32.234699
TX,Somervell,683,-97.677864,32.229391 -97.671687,32.229391 -97.671687,32.218775 -97.677864,32.218775 -97.677864,32.229391
TX,Somervell,684,-97.671687,32.229391 -97.665509,32.229391 -97.665509,32.218775 -97.671687,32.218775 -97.671687,32.229391
TX,Somervell,685,-97.665509,32.245315 -97.660568,32.245315 -97.660568,32.232045 -97.665509,32.232045 -97.665509,32.245315
TX,Somervell,686,-97.650684,32.245315 -97.650684,32.23868 -97.660568,32.23868 -97.660568,32.245315 -97.650684,32.245315
TX,Somervell,687,-97.650684,32.23868 -97.650684,32.232045 -97.660568,32.232045 -97.660568,32.23868 -97.650684,32.23868
TX,Somervell,688,-97.665509,32.232045 -97.660568,32.232045 -97.660568,32.218775 -97.665509,32.218775 -97.665509,32.232045
TX,Somervell,689,-97.650684,32.232045 -97.650684,32.22541 -97.660568,32.22541 -97.660568,32.232045 -97.650684,32.232045
TX,Somervell,690,-97.650684,32.22541 -97.650684,32.218775 -97.660568,32.218775 -97.660568,32.22541 -97.650684,32.22541
TX,Somervell,691,-97.664274,32.218775 -97.664274,32.21395 -97.677864,32.21395 -97.677864,32.218775 -97.664274,32.218775
TX,Somervell,692,-97.677864,32.21395 -97.671069,32.21395 -97.671069,32.204299 -97.677864,32.204299 -97.677864,32.21395
TX,Somervell,693,-97.671069,32.21395 -97.664274,32.21395 -97.664274,32.204299 -97.671069,32.204299 -97.671069,32.21395
TX,Somervell,694,-97.650684,32.218775 -97.650684,32.21395 -97.664274,32.21395 -97.664274,32.218775 -97.650684,32.218775
TX,Somervell,695,-97.664274,32.21395 -97.657479,32.21395 -97.657479,32.204299 -97.664274,32.204299 -97.664274,32.21395
TX,Somervell,696,-97.657479,32.21395 -97.650684,32.21395 -97.650684,32.204299 -97.657479,32.204299 -97.657479,32.21395
TX,Somervell,697,-97.667348,32.204299 -97.667348,32.198063 -97.677864,32.198063 -97.677864,32.204299 -97.667348,32.204299
TX,Somervell,698,-97.667348,32.198063 -97.667348,32.191827 -97.677864,32.191827 -97.677864,32.198063 -97.667348,32.198063
TX,Somervell,699,-97.667348,32.191827 -97.667348,32.188261 -97.677864,32.182921 -97.677864,32.191827 -97.667348,32.191827
TX,Somervell,700,-97.667348,32.204299 -97.662953,32.204299 -97.662953,32.190493 -97.667348,32.188261 -97.667348,32.204299
TX,Somervell,701,-97.650684,32.204299 -97.650684,32.198954 -97.662953,32.198954 -97.662953,32.204299 -97.650684,32.204299
TX,Somervell,702,-97.650684,32.198954 -97.650684,32.196732 -97.651497,32.196312 -97.662953,32.190493 -97.662953,32.198954 -97.650684,32.198954
TX,Somervell,703,-97.650684,32.245315 -97.642576,32.245315 -97.642576,32.237227 -97.650684,32.237227 -97.650684,32.245315
TX,Somervell,704,-97.642576,32.245315 -97.634468,32.245315 -97.634468,32.237227 -97.642576,32.237227 -97.642576,32.245315
TX,Somervell,705,-97.650684,32.237227 -97.645279,32.237227 -97.645279,32.225096 -97.650684,32.225096 -97.650684,32.237227
TX,Somervell,706,-97.634468,32.237227 -97.634468,32.231162 -97.645279,32.231162 -97.645279,32.237227 -97.634468,32.237227
TX,Somervell,707,-97.634468,32.231162 -97.634468,32.225096 -97.645279,32.225096 -97.645279,32.231162 -97.634468,32.231162
TX,Somervell,708,-97.634468,32.245315 -97.627934,32.245315 -97.627934,32.235279 -97.634468,32.235279 -97.634468,32.245315
TX,Somervell,709,-97.627934,32.245315 -97.6214,32.245315 -97.6214,32.235279 -97.627934,32.235279 -97.627934,32.245315
TX,Somervell,710,-97.6214,32.245315 -97.614693,32.245315 -97.615039,32.235279 -97.6214,32.235279 -97.6214,32.245315
TX,Somervell,711,-97.628028,32.235279 -97.628028,32.225096 -97.634468,32.225096 -97.634468,32.235279 -97.628028,32.235279
TX,Somervell,712,-97.621589,32.235279 -97.621589,32.225096 -97.628028,32.225096 -97.628028,32.235279 -97.621589,32.235279
TX,Somervell,713,-97.615039,32.235279 -97.615196,32.230713 -97.615153,32.225096 -97.621589,32.225096 -97.621589,32.235279 -97.615039,32.235279
TX,Somervell,714,-97.650684,32.225096 -97.645254,32.225096 -97.645254,32.21302 -97.650684,32.21302 -97.650684,32.225096
TX,Somervell,715,-97.634394,32.225096 -97.634394,32.219058 -97.645254,32.219058 -97.645254,32.225096 -97.634394,32.225096
TX,Somervell,716,-97.634394,32.219058 -97.634394,32.21302 -97.645254,32.21302 -97.645254,32.219058 -97.634394,32.219058
TX,Somervell,717,-97.650684,32.21302 -97.646362,32.21302 -97.646362,32.198967 -97.650684,32.196732 -97.650684,32.21302
TX,Somervell,718,-97.634394,32.21302 -97.634394,32.207541 -97.646362,32.207541 -97.646362,32.21302 -97.634394,32.21302
TX,Somervell,719,-97.634394,32.207541 -97.634394,32.205156 -97.646362,32.198967 -97.646362,32.207541 -97.634394,32.207541
TX,Somervell,720,-97.634394,32.225096 -97.627967,32.225096 -97.627967,32.214892 -97.634394,32.214892 -97.634394,32.225096
TX,Somervell,721,-97.627967,32.225096 -97.621541,32.225096 -97.621541,32.214892 -97.627967,32.214892 -97.627967,32.225096
TX,Somervell,722,-97.621541,32.225096 -97.615153,32.225096 -97.615075,32.214892 -97.621541,32.214892 -97.621541,32.225096
TX,Somervell,723,-97.634394,32.205156 -97.634394,32.214892 -97.627169,32.214892 -97.627169,32.204517 -97.628899,32.205414 -97.630997,32.206913 -97.634394,32.205156
TX,Somervell,724,-97.627169,32.214892 -97.621133,32.214892 -97.621133,32.20395 -97.626198,32.204014 -97.627169,32.204517 -97.627169,32.214892
